42
68
135
101
170
125
79
159
163
65
106
146
82
28
162
92
196
143
28
37
192
5
103
154
93
183
22
117
119
96
48
127
172
139
70
113
68
100
36
95
104
12
123
134
74
65
142
112
54
69
148
45
63
158
38
60
124
142
130
179
117
36
191
43
89
107
41
143
65
49
47
6
91
130
171
151
7
102
194
149
30
24
85
155
157
41
167
177
132
109
145
40
27
124
138
139
119
83
130
142
34
116
40
59
105
131
178
107
74
187
22
146
125
73
71
30
178
174
98
113
187
91
162
37
156
168
56
175
32
53
151
151
142
125
167
31
108
192
8
138
58
88
154
184
146
110
10
159
22
189
23
147
107
31
14
169
101
192
163
56
11
160
25
138
149
84
196
42
3
151
92
37
175
21
197
22
149
200
69
85
82
135
54
200
19
139
101
189
128
68
129
94
49
84
8
22
111
18
14
115