42
3468
1335
1501
4170
725
1479
4359
1963
4465
706
3146
3282
1828
4962
492
2996
1943
4828
437
2392
4605
3903
154
293
2383
2422
3717
4719
4896
448
1727
4772
1539
1870
4913
668
1300
2036
4895
3704
3812
1323
334
2674
4665
142
2712
3254
1869
548
2645
2663
2758
38
2860
3724
4742
2530
779
2317
3036
2191
1843
289
107
4041
3943
4265
2649
2447
3806
891
1730
4371
351
7
1102
4394
3549
4630
2624
4085
4955
3757
1841
4967
2377
3932
1309
1945
2440
4627
1324
538
1539
1119
2083
2930
1542
4834
1116
4640
4659
2705
4931
3978
2307
1674
2387
22
3746
1925
4073
1271
830
1778
574
98
1513
3987
3291
4162
3637
2356
4768
3656
575
4032
2053
2351
1151
1942
1725
3967
3431
1108
192
3008
1338
458
2288
2754
384
4946
3910
2210
4759
4222
3589
1423
4947
2507
3031
1414
4169
901
2592
3763
1656
2411
1360
2625
538
1549
1484
2596
4042
3603
4351
292
837
4375
1021
4597
4022
2349
3200
4669
4485
3282
4735
54
2000
1419
2939
1901
3789
3128
468
3729
4894
4649
2484
2808
2422
4311
1618
2814
4515
4310
2617
3936
2452
601
250
1520
1557
2799
304
1225
1009
845
2610
4990
2703
3196
486
3094
4344
524
1588
4315
4504
2449
201
3459
1619
581
4797
4799
282
4590
799
3010
2158
473
3623
3539
2293
1039
4180
3191
4658
2959
1192
4816
2889
4157
1512
1203
2635
4273
56
329
2647
1363
4887
3876
3434
4870
143
3845
1417
1882
1999
323
3652
22
700
3558
3477
2893
4390
76
713
2601
2511
1004
1870
2862
4689
3402
4790
256
1424
3
586
4183
286
2089
1427
3618
3758
4833
933
4170
2155
722
2190
4977
1330
2369
3693
1426
556
3435
1550
2442
4513
146
3061
1719
3754
1140
2424
1280
997
1688
2530
2550
2438
4867
2950
194
3196
3298
417
3287
1106
4489
1283
2456
735
3115
1702
1317
672
787
2264
4314
4356
1186
54
913
809
1833
946
4314
2757
3322
4559
3647
2983
482
4145
3197
223
2130
2162
536
451
1174
467
2045
1660
1293
1440
2254
25
1155
4511
4746
650
3187
3314
4475
3023
2169
4019
3788
4906
2959
2392
203
3626
1478
4415
4315
825
4335
875
4373
160
1834
3071
2488
3298
2519
3178
2774
2271
1764
2669
2193
3986
3103
3481
4214
2628
4803
4100
528
2626
1544
1925
1024
4973
3062
4182
1004
2433
2506
2594
2726
3032
3493
143
2223
1287
3065
2901
4188
3361
2414
975
4271
4171
236
834
4712
761
3897
4668
2286
2551
141
3695
2696
1625
3020
2126
1577
1695
2659
1303
2372
2467
4679
2594
3852
485
1019
3465
1120
3153
2801
3088
1061
1927
4011
4758
2171
316
4577
228
2044
2759
2165
110
2883
2087
4566
3488
4578
4475
2626
628
630
1929
424
3521
1903
4963
124
4597
3738
3262
196
2526
1265
3261
1203
3117
31
327
4012
772
1412
548
1154
1521
4791
4925
189
1764
4941
852
3663
3830
901
2714
3959
2579
3366
3008
1478
1201
1059
1440
2304
2761
4358
2325
1478
109
1114
4888
4802
2851
4461
2429
2994
2385
4406
1541
1112
3705
2836
2357
1073
4351
3824
4486
557
3217
1627
4358
3527
3358
4338
3272
3870
4362
2897
3023
4618
113
2718
3697
1586
4042
4424
4130
4230
4566
1560
3933
2297
4856
2054
1963
3585
4735
1655
1973
1458
4370
2533
2964
2608
2484
912
1636
68
2849
4676
2939
2224
2143
3755
1512
2742
176
1460
2826
3222
2871
1627
1935
206
1784
3851
2399
2280
2702
2194
2735
1638
1535
557
1994
177
706
1963
549
882
301
4414
1642
4856
4856
3143
1463
2612
878
425
2679
1753
3444
3297
2674
41
4314
876
73
2819
611
1018
4933
3113
696
3170
3832
41
1489
3686
4091
4498
2590
991
146
4354
4315
3652
1741
2045
1259
336
3760
1193
2606
265
2182
3504
3830
3776
609
4293
998
2550
4557
562
1628
1468
4542
1130
1241
2814
4175
602
1078
216
3684
3214
3993
825
602
3393
760
2671
1429
3028
4085
76
3787
499
4971
1288
3848
2605
504
1222
2664
707
2364
4011
2172
2490
3241
2165
543
2620
914
2592
1705
1819
4233
751
206
4976
1540
304
1423
1099
1248
3585
3649
2972
2865
2914
1076
1546
3713
2547
3679
1770
263
3520
3986
3290
945
2866
3541
3246
509
3319
2871
4602
3324
1133
4473
2153
88
3571
4764
4902
2104
4424
3528
1601
1970
4016
566
29
1544
348
2089
2944
2638
2410
1464
50
4682
1589
1343
609
2061
1222
1759
4955
889
4147
691
2950
2844
1431
621
749
2068
4537
784
3036
2227
186
2039
4854
630
1225
749
4924
3360
2258
4767
4945
4956
3319
2727
412
1026
356
1002
2550
4497
3585
4516
2965
3343
3076
2914
1143
1197
1949
73
427
4607
1174
4430
2405
1706
627
4813
4376
94
1566
1037
4737
4142
815
995
3257
1653
3937
839
483
1356
1016
1132
3231
2842
4626
2012
2638
4187
4691
1651
663
1635
894
354
1417
3453
4009
2263
2234
455
1304
1635
1304
4257
149
1125
2318
4214
2110
4029
4201
1081
1319
1859
4051
4156
1362
265
1904
3677
4644
1910
4903
3562
3490
4949
1283
3654
675
2221
403
1924
3832
4370
3879
260
4009
2620
3972
4
1946
4782
1505
2393
2686
314
1699
590
2723
939
4038
1411
1462
1235
2509
4962
3960
1494
1516
270
4938
3870
59
4701
3972
1265
118
1216
4556
2816
3331
3040
213
4289
3083
1955
1086
711
4485
4775
3381
4816
952
1542
3116
1680
2111
899
3074
789
3978
3133
4957
3690
1114
9
2942
791
1724
1364
29
185
4779
2201
72
1886
1975
1072
1334
2868
1154
4296
2169
826
4677
630
3651
2599
3310
4694
4687
81
117
2250
1668
1529
1680
2865
4422
3406
3827
1817
2517
2727
3667
4088
2682
4965
1341
687
1022
1663
4722
1065
4310
416
2903
4874
2125
3942
2746
1763
3424
2532
4807
2269
4319
603
1908
4308
3482
1013
1137
1631
4115
1810
4085
3557
2291
1294
4997
4153
1055
346
4709
249
2492
3713
132
115
1440
2959
4723
4705
1996
1053
270
2480
3239
1424
2919
867
2660
2499
3487
1197
2463
1634
2159
2023
1147
3393
3038
3926
648
4459
1603
808
4099
2831
4293
4601
2279
800
3353
449
3883
541
3316
4576
3763
4568
2337
3398
1419
4898
829
3852
1817
4231
4450
1926
659
230
4521
941
4561
148
163
1656
676
793
2362
1755
1399
3147
3715
1947
1189
4570
3639
2664
76
4516
1522
476
616
529
3235
2571
906
4465
4558
3963
4162
525
2550
2470
331
1924
3351
4334
2926
911
4738
1337
3338
1279
2394
2637
715
3165
1592
4950
4136
2506
3338
5
1338
2624
3665
4971
609
569
4282
2086
4153
3374
3653
3195
4877
3827
3397
2573
1250
4641
4175
3820
944
2612
1942
290
3420
566
3806
2586
1217
1451
1616
2610
1065
4167
1894
1075
3510
301
4696
4574
590
3162
1173
2969
2359
1032
1269
4427
3511
423
775
3780
911
3553
4183
392
496
765
875
1365
4903
3256
4461
475
1973
1822
1123
548
1578
4790
606
196
2595
2951
1344
755
2482
1013
1673
3440
3429
913
4763
968
4409
4416
1909
2224
1760
1435
205
4487
4320
959
946
1807
3167
3701
1368
2693
1788
3533
557
975
3448
22
3284
1223
4332
2377
3584
1949
2724
2983
2019
4777
4221
1112
2183
3857
4491
3926
4325
1487
4678
970
1644
2535
678
2669
1069
1992
2197
2784
1829
2728
4427
872
698
2613
3704
1028
1409
546
4509
2186
239
4238
1444
1314
2502
3851
129
2112
3651
3150
1193
1455
870
682
2466
268
2714
4794
3635
473
973
2831
4902
3443
178
3878
771
703
4365
1382
1591
3824
2238
3024
2180
1596
170
2328
2043
1311
3183
1059
2927
4488
1671
2529
652
2259
2214
4861
784
1287
2743
3611
4473
2129
3435
842
719
3504
4868
4866
939
1882
4258
2751
3615
3599
3459
2662
1064
2757
808
279
4490
4436
1366
2076
2587
1387
2834
3361
3331
1049
3929
4493
2434
3841
1767
1736
4811
1600
1838
1893
1983
2329
4353
1370
1245
1795
1609
4253
1648
2433
4536
2209
3265
3498
3244
2650
2016
1842
190
1101
4813
649
4524
4852
4475
3634
4892
2201
4855
4991
698
4920
2781
2579
2932
2545
3341
3488
900
2526
3484
539
2493
1194
3253
12
1561
835
1841
1498
2786
3530
1541
3806
3792
3393
3211
3550
1579
1980
972
4278
74
194
1621
1498
3827
1277
4791
1583
3579
1160
419
1490
160
3450
2925
4073
381
2009
2968
209
1478
3504
371
2608
4197
2075
3723
2612
4020
3762
1057
2891
1164
1684
3717
4933
453
2742
4955
1814
2863
397
461
616
905
2600
137
4681
4199
2033
4388
2585
2241
3518
2007
3671
242
3883
250
3524
1759
2106
4622
2096
2297
4917
679
179
3580
59
2578
2751
4008
3730
4082
2996
2679
4677
2754
900
1785
566
3094
3609
1173
1244
4930
2515
169
56
1192
974
3923
1749
652
987
2145
1447
1578
1518
4630
4917
875
792
470
2913
3147
694
4092
4816
1950
1858
641
1053
237
3552
4488
1227
3163
1956
3184
3395
181
1098
3066
2066
2514
4262
2579
1079
1879
4141
4612
1948
2446
171
4976
3490
4751
1150
3334
3866
2215
2283
2008
2433
3897
1368
3523
4883
1811
2642
2232
2188
1706
1480
1322
1539
1352
4448
4209
4647
2277
760
190
423
2667
3487
3456
2029
4615
4861
4254
1778
1349
2504
862
2432
4083
2456
4198
2107
3753
822
2297
1282
1022
4456
948
2125
3319
4136
1377
1775
4860
4999
2075
4254
1923
636
1644
3889
3154
3233
4748
3681
4927
679
1451
4802
4962
4200
856
1364
717
574
1562
3246
1474
3275
1551
4354
1182
4288
2700
3111
3644
2466
2173
2530
4982
2113
3477
4382
3248
1891
1672
3806
2373
33
3990
4321
3166
432
4659
1294
2207
1579
1949
2207
2172
3167
3397
1698
1021
3695
530
4789
110
2985
1970
3979
1618
4016
1627
3685
4169
2907
929
2098
3119
4391
200
1786
4487
4200
2421
711
3272
814
2416
1086
319
3581
1332
2268
3388
3445
3187
4508
4361
2828
3075
1432
2153
272
269
4694
4886
338
1312
2605
2678
407
2769
4023
4414
1
543
2538
39
1389
2356
3290
1648
3182
3094
1585
988
762
494
3218
4502
2483
4448
666
754
2105
85
4096
3526
222
3965
1782
4873
3107
3657
3344
2594
2081
1081
4869
1412
3714
969
3252
2217
2080
3769
2041
1532
2934
3780
664
2260
1654
2937
2096
4366
1875
2721
1836
681
3977
3456
726
4072
4809
3560
4157
603
2833
2906
441
2376
1563
2886
1963
1081
1837
798
1203
509
81
341
2077
4059
1494
2741
3547
475
4774
4098
3881
3336
1073
3401
708
2956
667
4142
3589
2482
2169
3316
4397
1226
1010
2013
3137
1456
3763
44
743
22
2923
4513
4249
1019
2369
3718
4715
2651
3291
3336
2760
3170
1896
304
2641
1980
4200
4106
4792
3662
3682
3653
3754
4034
2030
988
2043
1254
84
1421
815
2719
2245
1064
2230
653
3865
4770
471
6
1048
1595
1488
4327
3277
1324
1541
2680
3991
2589
4711
4272
2946
4222
3471
184
3590
3956
4979
4780
7
3263
136
3488
2197
4034
2089
2936
4780
994
4791
4963
3966
1002
4106
1808
4568
2670
3135
2672
1458
2999
3546
3598
4219
3839
4845
2373
3564
1029
4265
3802
4724
3491
2605
1602
4228
1198
3693
4772
364
4302
2364
2722
3566
2422
3446
3611
496
1742
23
1813
4152
3016
3056
3394
3739
280
4883
1609
2655
3823
2708
4246
1339
145
2291
1340
3155
4605
4624
2226
79
1725
1982
2331
4734
3224
595
4131
3847
4988
4446
3806
3617
751
490
2339
1964
3136
4698
2210
1631
3225
1909
1738
4475
1921
2373
294
3856
1735
4562
1057
2607
3185
2076
3383
4120
1742
433
4685
2780
2280
3284
668
837
4126
4119
2738
3029
2120
578
738
4092
557
2796
1061
1902
3794
3433
2137
4581
4876
908
1185
3075
3720
1791
477
42
3352
3330
1291
2975
3073
3592
2190
788
1491
3240
4894
3054
2064
682
904
2006
4177
3480
1696
1140
2469
3999
1084
3640
4516
2622
4994
827
723
3839
4829
2582
4400
3979
1892
1024
1944
4835
4244
2350
2703
3708
503
142
688
3347
892
4638
3414
1401
2817
1691
3163
3936
4127
4411
4878
1383
1261
2190
1706
3875
2664
723
2196
2567
1361
1039
3589
2812
3246
4468
2426
1868
3190
543
3064
1548
503
4618
4100
24
2227
1204
49
1052
1571
3637
4459
968
3457
4406
1532
4963
1820
2976
557
2532
1496
3045
592
1804
3389
3916
2451
2320
1273
792
4384
134
1776
4643
3570
3301
2955
2079
3586
2258
334
894
491
104
4751
2234
723
4272
4612
3991
339
1642
3259
4048
2353
4659
480
303
2684
3991
3
569
4423
1896
1136
3009
2362
1743
2195
3700
3189
179
4043
1358
3942
1848
2470
1346
4381
1914
4965
711
62
386
74
2505
4463
2704
3103
1070
155
3530
1553
2075
4150
3731
2245
845
3050
4119
4066
1364
4553
3774
3471
4732
1748
2512
870
4399
499
2104
2353
680
3054
3044
4523
1089
1564
835
4851
2023
2241
1912
4493
652
3581
478
2617
4877
4179
221
4616
2349
1799
2180
1636
1858
2884
1663
3903
3263
4421
4771
4023
4274
842
2687
3889
3918
1718
1893
3699
1268
1750
66
390
1933
620
1082
2004
4131
3029
3632
4590
3153
3631
4173
4865
1408
2296
429
4682
3491
1611
1178
1072
237
1460
644
1841
2634
2038
3894
2631
275
2994
3783
2204
2462
3291
4663
2308
998
1152
3424
3891
1718
1641
3704
567
4884
3662
2660
3246
387
2652
2766
4602
1841
2210
1498
2284
4251
3059
3422
176
582
1788
3272
4288
3000
2505
4980
2139
701
531
2462
2119
206
2541
3829
4460
1623
4399
3761
2099
2936
482
615
4568
3494
3597
4162
2747
539
2671
539
1477
1556
4918
1372
1761
753
3759
434
2256
4066
727
2402
3035
2760
394
549
2274
3793
1194
2934
138
2104
3691
3212
3695
4669
2628
2499
990
249
3880
1648
1150
932
670
876
599
450
437
4600
124
1444
1732
3155
2862
4435
4386
3968
817
1394
1705
4867
954
309
3224
3685
793
2668
49
2470
3931
812
4815
1091
428
3744
1605
600
1475
2196
507
159
2590
4859
2810
2890
1448
41
3819
4365
2976
27
90
2504
67
1413
1841
2571
4677
396
3642
4987
2652
1110
3188
84
1086
3391
1251
3687
4756
1382
3129
503
4278
863
1425
3566
3873
833
886
4429
1647
890
1479
884
4926
1266
1261
46
779
822
3856
2521
2928
4774
135
2252
2676
3337
1335
1002
2738
4311
975
2591
357
1072
2081
936
2146
2283
1826
3719
3574
4713
3038
4999
4906
2163
1718
3693
4540
3048
947
4104
232
4116
840
859
830
2646
3395
2200
4646
4273
676
1863
2073
3774
2481
1239
1898
3543
4609
4204
3278
1126
135
1402
4079
3383
170
737
2479
2940
1139
3722
1427
664
1678
1576
1725
982
2701
2962
3863
1003
3449
96
685
4017
138
4508
3994
1285
2945
260
822
2059
4644
2669
678
120
4858
3042
3892
265
1624
1916
3073
2930
842
4716
2616
2537
4958
2760
701
3453
94
4242
1830
2449
228
1799
1225
325
2275
3134
2886
39
2171
1863
2630
85
1910
4879
1924
2086
4401
3025
4194
3106
4413
766
768
408
678
3785
705
4791
4835
892
622
3086
2735
191
543
2999
2087
2019
622
425
2598
1377
4255
4670
3109
2928
2494
1069
1367
4103
2439
2601
820
4319
2291
4985
1340
2557
809
4633
1479
1815
3788
2240
3075
21
828
2555
1989
2442
1799
3643
4003
1322
105
3947
2057
3510
4834
2709
4762
1534
687
4805
1386
143
3843
2261
2162
1621
4344
4579
1188
114
3064
4592
935
416
657
4762
13
3412
1960
1252
3739
3371
1125
508
3008
2585
952
3102
4490
4959
442
1791
2014
413
4856
1061
2094
3473
403
2677
3544
2374
1267
2652
276
1529
533
762
470
2504
2730
2108
2893
2452
2954
3393
2571
3520
4473
3408
2495
4506
3441
384
4263
1410
3608
3039
4361
472
1172
655
4948
1515
4524
1230
490
1767
2888
4757
1633
2471
740
667
3523
2284
3161
2554
4706
2092
1260
387
1688
4630
43
3318
2046
2357
3389
453
3155
467
1834
2761
1920
632
1739
1268
777
1099
4315
1321
3054
4008
1470
4217
4723
4843
4008
464
1261
948
3794
3631
3718
3044
1377
315
1627
2118
1335
621
4172
1793
3965
4155
3867
4694
665
3776
3001
2213
1101
2552
477
1380
944
2878
3790
362
1386
3273
1435
145
4562
564
4505
2947
3889
309
2158
1431
124
1465
4075
4347
3838
1982
319
1612
1293
2592
3833
2124
1462
1992
1462
2331
3499
2370
2292
3401
4180
4118
2318
4915
1596
1442
937
1868
2029
1454
2910
3974
2982
1504
1570
1817
1884
368
386
3403
231
2158
3682
568
3311
1867
3688
3172
3478
1246
2765
1239
2672
2048
1116
4593
2312
2658
1406
54
2172
581
2741
2531
3676
4321
791
3378
999
1587
1605
4490
4632
4745
3389
1611
3719
1920
3260
928
4610
3120
1480
2717
1301
1397
1854
1459
831
4594
807
4850
4855
4273
1161
2295
2055
1334
147
4230
472
429
560
2242
4422
2689
1367
2034
1686
2271
330
2262
2861
2209
3983
2163
2507
1879
1980
1898
2888
1539
4470
784
2541
2796
2267
3634
3510
4558
2318
1135
2054
3136
2259
2594
2844
1694
1467
2952
3141
1095
2938
175
2513
1098
4552
2696
1818
3493
1293
238
2531
614
297
1711
2390
629
810
3787
1745
3841
3183
3570
1121
2394
1293
4963
4215
2528
1808
3195
3706
4714
2012
3914
1694
4665
1204
3996
2763
4382
1947
4910
1049
1769
1625
2512
2955
4236
1128
4634
3241
1863
128
2578
3818
2341
143
101
3401
1559
1477
3155
936
1431
832
1296
3538
624
2923
2928
3030
212
1212
1755
1881
2254
3294
1322
786
1529
444
1001
556
4672
4271
2453
4376
4632
3641
3935
3041
2987
3835
4249
1540
3766
2797
313
2263
53
732
3988
4465
2558
4249
4557
171
451
2183
2302
3294
4100
3333
4045
2332
76
1005
4051
27
4067
1739
4802
4624
3844
442
3381
4696
2919
3660
1364
2629
1330
1089
3855
3614
4980
3570
667
2680
2578
2838
3403
3116
3293
1724
2873
4449
324
1154
949
4396
198
4509
2909
2412
3994
2666
1782
3203
2611
4829
2257
2706
3966
3024
770
1716
254
1806
3685
4479
2146
1841
834
4286
1901
969
3995
1634
3886
349
3282
3033
1257
4911
873
3983
3902
2307
636
2861
2472
4528
2138
3344
4769
3234
3996
4172
2604
3943
3012
2880
1035
4513
4594
531
4162
3235
259
1927
907
192
4444
1189
228
2720
1485
225
4094
436
3225
3095
3583
3868
3628
2006
1147
2687
1590
541
3238
2851
3760
4579
3957
2678
2404
3043
1301
812
226
1144
1596
1017
1616
3805
1007
3369
1642
336
699
1326
3314
3024
2313
4619
3458
3397
3340
1087
2095
2847
2044
1523
2912
1281
3456
1359
1848
3871
991
3874
4328
3414
3455
1897
2473
4451
2242
4642
647
3526
3214
1825
2930
3696
404
2595
2994
1068
2188
4641
80
42
3126
2535
4861
3001
4908
2622
2693
294
118
2718
404
3944
2894
640
4012
1926
4029
4979
749
2851
2893
1445
655
3624
4354
2037
1548
1347
827
1062
3905
239
2572
1887
1406
300
2057
1729
1268
3752
2020
4992
3167
718
847
2094
3188
1422
2913
1868
3300
2445
4898
1202
3329
4943
2105
1769
4769
1642
1297
1263
721
1245
2919
4626
1220
2585
3175
985
460
3150
2015
696
2504
33
3852
1538
1815
3364
4652
1220
4291
918
1684
1919
1585
2253
3587
1270
1249
2138
2398
425
3169
28
3149
1994
383
4272
2670
894
878
1015
4105
485
2944
1496
1812
1294
3893
1799
1991
1300
4891
3494
4075
1550
3775
4315
174
4070
4219
1866
1834
239
4912
3253
1464
1509
150
3089
2246
1232
1921
107
4272
2369
1422
259
4158
4648
4983
3239
4123
2724
907
3707
190
1157
346
2352
1924
2119
1551
2098
1837
592
3407
4511
814
4652
881
2845
4744
2742
1246
4579
4950
1706
4515
4786
4228
3625
2205
3357
3918
1228
556
103
4287
4469
1699
3980
1412
2490
759
3491
776
3411
2133
2090
2297
1951
3113
123
2530
2673
837
3278
554
3977
671
4086
2653
1752
398
4752
4002
436
1694
73
2917
1717
329
1512
2126
1839
2297
3940
1545
1057
2827
2903
1759
4589
2022
2587
4109
4778
2629
1980
1948
2550
1281
3246
129
4063
427
4720
678
4092
4048
3786
3232
2407
3685
1955
1770
4710
2957
2422
946
3466
1017
1861
1498
3336
191
678
3050
1006
2887
3389
3676
3144
2378
131
3488
1556
2483
254
1
2755
290
2489
216
2009
1311
941
2800
2998
4708
3455
305
3238
486
2500
793
4614
2613
3683
2984
352
1130
2138
34
1601
1865
3684
1858
3969
1711
1969
1709
2642
2733
2438
1685
2500
2702
4870
3584
4257
4693
2641
2088
13
3811
821
4836
1664
616
898
3678
2775
135
2554
4534
3879
2287
625
2735
3076
350
713
1985
625
2793
1505
3823
4056
3914
463
4474
85
4161
1123
1054
4398
1823
4751
1338
3918
4007
4932
2198
2506
4237
358
1600
3291
1899
986
1448
1085
593
3726
3997
4856
4829
339
2343
4429
4796
743
38
507
1768
54
4794
3506
4147
3610
3925
4855
4466
2240
1207
4210
493
1500
3176
1037
3062
3648
619
14
1728
713
2897
1910
2842
131
4091
4035
2916
1287
3524
667
1345
2737
2038
417
894
1950
972
845
2778
4286
1201
4591
286
3326
2119
669
7
4730
4009
4542
226
537
1981
717
471
385
3748
329
2937
1205
701
2524
1365
1412
1041
251
1505
3484
1767
1142
2671
846
507
4089
3257
108
3267
858
2679
4200
2675
4156
192
3991
4833
859
997
3918
3291
3968
1708
3235
3247
1463
4403
3240
3427
4096
907
3315
351
4587
280
2777
823
1880
2302
813
677
3165
2358
2571
1039
4313
145
1562
3181
3201
644
1857
3062
2648
940
4809
4291
2453
980
2619
1420
4008
2285
4548
4978
676
3614
3710
3372
3643
1340
1337
2622
1502
1035
3130
1359
1437
3470
2898
3505
4799
4203
3106
1239
33
66
2517
4482
580
4024
1728
1772
1314
383
1141
4817
3489
320
590
514
3260
852
2272
3284
4365
2039
3013
3185
1760
3502
4575
3734
60
2715
2650
1596
3523
4542
417
378
1053
566
4892
139
3311
968
56
3788
2225
3223
1440
2442
1649
1805
2835
4369
1442
3873
2669
4975
4177
138
634
3242
746
3019
1016
2975
4253
847
3957
525
1967
582
3145
2241
4335
297
1877
28
1206
2019
4292
1642
3466
1192
2472
1260
3701
218
2017
1944
4625
2065
1506
1158
1503
2667
4276
2047
2633
4790
1047
2146
1004
3153
1902
3327
4154
1185
4650
351
406
4347
1026
3971
4337
4796
4794
1324
533
3857
897
3211
2777
693
4551
291
3796
3853
2351
3316
37
4362
3761
4985
3730
2535
1051
3083
1807
1937
585
791
1618
4183
4067
3117
1389
4426
3102
611
1451
4983
3622
194
2039
1755
4594
4896
281
639
168
2421
4346
1884
3866
4697
834
391
2633
190
2840
184
3818
2130
1754
680
3614
601
3253
146
4862
2152
3319
3964
2814
4908
4555
1477
618
1212
430
2265
967
4532
4943
699
4523
1156
2588
258
3159
4465
3763
3511
947
1066
3381
3166
947
3541
2298
3043
4465
3195
2585
271
2716
2201
1207
2107
1303
4697
3834
2612
4068
416
1646
176
1355
3449
4920
3080
2989
1322
2593
1598
2198
3510
3653
72
659
4123
1860
2998
1000
1900
4121
1321
2037
1985
4913
1916
3954
4486
742
200
1568
4209
1845
170
4682
4880
1109
2208
260
707
3850
4076
3027
125
2608
2775
2885
129
4547
3146
482
1715
150
4169
3339
308
1794
3505
1106
1698
3218
956
1642
2344
1134
2098
680
737
4556
634
1955
931
253
4905
280
2489
4871
1755
1073
2177
1702
416
3087
4232
2481
4976
261
515
3939
1658
4991
4439
3982
448
243
4619
1071
632
4062
2220
3782
991
2834
3673
1564
1303
503
1929
722
4899
1448
946
3407
2223
3687
795
3578
2845
3684
1548
3241
486
1465
1724
338
1654
2169
3131
256
1467
4859
2513
4657
3319
3202
143
1277
1507
2703
685
24
271
1313
3251
3476
312
1851
4196
489
1521
1102
184
4799
2893
3849
1785
246
2188
4463
3344
3259
1860
3872
4017
3173
2833
4442
2684
1089
2016
3977
3517
3299
40
1284
3206
4998
4147
770
3676
918
4388
21
1031
2443
1736
2390
374
3481
2074
778
787
3382
1786
523
3346
980
1086
714
936
4736
884
2187
1097
649
2086
4753
522
4261
1983
1637
2689
4920
2237
1793
2066
4279
4199
1497
1387
1012
977
2548
2122
3203
2246
1703
3565
1540
2573
2258
2371
1921
1655
4360
1081
2299
3392
3961
511
4592
868
2034
1676
2137
500
2776
791
4377
1257
273
704
87
968
4516
3543
3496
3567
3457
4187
3438
4199
2627
3365
1086
1666
3909
341
1361
2815
1155
3013
4753
3339
3707
2526
631
4250
3180
3080
3314
3839
2518
3422
4146
992
1970
1840
4309
1566
3763
4474
3682
1971
3148
2054
2709
1509
1716
4430
1067
2690
4664
1772
542
1260
3632
3573
2515
967
989
3171
3169
2200
656
3851
3445
2937
1279
4407
4428
314
2524
2372
3328
2074
3462
2174
4935
1103
588
1418
1464
1154
1127
596
1496
4214
2407
2371
3860
3306
2497
4834
4224
4853
2880
520
1127
2794
1586
1466
1372
445
2108
2272
4088
3100
1520
3597
716
2553
2493
4754
3258
2591
4960
3358
887
2810
866
687
2020
260
2314
2436
1029
4102
469
2870
457
1732
2579
1075
1396
844
1275
3317
25
512
3586
723
3972
58
4096
3175
39
2184
1659
2296
723
1984
1232
4504
2233
4301
591
1481
2409
506
2703
2859
4819
558
562
4121
29
3657
714
3333
3093
2183
1468
1321
2359
1075
3988
4095
4984
1365
2265
4715
1747
4391
426
1256
3164
1468
793
4232
2620
2881
4719
1129
4949
4721
4080
2092
3767
2588
809
2127
4826
1160
2519
3221
36
1315
457
4148
4157
135
3361
752
1209
1479
2295
2590
2525
2977
4695
4091
190
4373
2420
302
1703
4845
524
1540
610
1828
1638
3187
2417
1828
170
2624
4900
2515
416
3645
437
3670
379
1677
2859
2953
4847
2138
916
2989
4617
2289
2383
3075
334
3916
1057
657
63
4617
4525
2130
2443
1985
4873
2050
3397
3027
3583
203
3776
417
666
4553
3760
2756
1418
2845
3555
4444
1825
2000
3423
122
734
1414
4918
794
1874
2061
1176
4075
986
2502
1623
3209
2396
1027
1721
1292
1989
930
4073
978
194
9
2255
923
877
138
817
3804
1091
2913
2290
2254
4980
2300
2323
2903
2603
1370
655
2730
4735
2439
2275
227
1464
3135
2973
4349
1454
4504
2308
519
3334
2438
696
3180
662
3145
2660
962
1908
1577
3473
646
3593
2973
629
4197
1812
536
836
1230
3717
3533
4957
1159
4750
4621
3297
4725
3121
4527
1407
3984
3446
575
1692
1589
539
665
3105
878
354
2943
2005
624
4853
626
2612
2843
3725
1150
136
3591
147
2329
3856
2805
1742
1910
4382
2780
4103
84
693
533
2313
1100
1162
1048
2406
291
2570
4960
2629
2140
1229
2581
2472
1779
2441
3457
2149
4445
4746
1126
2211
4699
617
1181
4816
1065
1227
4473
2480
4594
2483
3006
3537
334
1106
2588
733
639
1166
1065
4519
3400
33
2509
3897
3439
3979
2639
3246
4060
4170
745
2363
4770
1050
1519
1468
559
2144
3062
604
4191
2187
1227
3604
2005
1301
1769
424
1348
397
4567
231
1666
1153
2001
3618
4174
787
669
1598
1580
1225
2729
1261
2159
3426
3268
4313
735
453
170
4563
1571
3212
4236
1891
1712
2065
4751
3961
2546
4768
1755
788
3218
4566
4943
2089
274
2816
2580
838
4389
4270
1887
3831
810
4641
2322
3320
4882
1627
3021
1412
455
894
1985
2358
3000
337
3830
951
1458
2406
366
2335
50
4095
3593
1271
120
3018
4314
254
1118
4978
4161
1506
154
4592
1563
3577
4855
73
1135
3017
51
4194
1946
1853
748
2522
3062
1345
260
3367
2886
4440
2719
4108
269
3555
2051
2433
3800
2021
1736
1099
2793
3917
1183
4030
317
3060
3759
4584
2400
1136
3358
71
272
2343
2781
3878
407
3296
2687
2404
3253
719
3036
2286
3429
1679
961
102
950
2365
1386
2627
2158
2738
4842
3939
1594
2097
1034
4494
4769
2874
4936
4110
97
382
1562
740
585
924
3500
1732
1850
443
3607
1851
3288
1041
2770
4224
1589
1468
2084
3401
1159
607
1939
4464
921
3367
759
4686
4024
230
4299
4357
471
3176
4197
1684
4989
2620
2947
2191
3276
2470
520