42
3468
6335
11501
4170
725
11479
14359
11963
9465
5706
13146
8282
1828
9962
492
2996
11943
4828
5437
2392
14605
3903
154
293
12383
2422
3717
4719
4896
5448
6727
14772
11539
1870
4913
10668
11300
2036
9895
13704
8812
1323
334
2674
4665
142
7712
13254
6869
10548
12645
2663
2758
5038
12860
8724
9742
12530
779
12317
3036
7191
1843
289
107
9041
8943
4265
7649
12447
8806
891
6730
9371
351
7
1102
9394
3549
4630
12624
9085
4955
3757
11841
4967
7377
13932
11309
1945
2440
9627
11324
5538
6539
1119
2083
7930
1542
4834
1116
4640
14659
7705
9931
13978
2307
1674
7387
5022
13746
11925
4073
6271
5830
11778
574
5098
1513
8987
13291
9162
3637
7356
9768
8656
575
4032
12053
12351
1151
1942
6725
13967
3431
1108
192
3008
11338
458
12288
12754
10384
14946
8910
2210
9759
9222
3589
6423
9947
12507
13031
1414
14169
901
2592
3763
1656
2411
6360
12625
5538
6549
6484
12596
4042
3603
9351
10292
837
9375
11021
4597
9022
12349
8200
4669
9485
8282
4735
54
2000
11419
12939
6901
3789
3128
468
3729
14894
9649
7484
2808
2422
14311
6618
7814
9515
14310
7617
3936
2452
5601
5250
1520
1557
7799
304
6225
11009
5845
2610
14990
2703
3196
5486
3094
14344
524
1588
14315
9504
7449
10201
13459
6619
5581
4797
14799
282
4590
5799
13010
12158
5473
8623
3539
12293
6039
9180
3191
14658
7959
6192
4816
7889
4157
11512
1203
2635
9273
5056
5329
7647
11363
4887
3876
13434
14870
5143
8845
1417
6882
1999
10323
3652
10022
5700
3558
13477
12893
9390
5076
10713
2601
2511
6004
11870
2862
14689
13402
9790
256
1424
5003
10586
9183
10286
12089
1427
13618
8758
9833
933
4170
2155
10722
2190
4977
1330
2369
13693
6426
10556
3435
1550
7442
9513
146
3061
6719
3754
1140
12424
1280
10997
1688
12530
7550
2438
4867
12950
194
8196
3298
5417
13287
1106
9489
1283
12456
10735
3115
11702
1317
5672
5787
12264
4314
9356
1186
5054
913
10809
1833
5946
4314
12757
13322
4559
8647
12983
482
4145
8197
5223
7130
2162
5536
5451
11174
10467
12045
6660
11293
11440
2254
5025
11155
14511
4746
5650
13187
8314
4475
13023
2169
14019
3788
9906
2959
7392
10203
3626
11478
4415
9315
10825
14335
10875
9373
5160
11834
13071
7488
13298
7519
8178
2774
2271
1764
2669
2193
13986
3103
8481
14214
7628
4803
4100
528
2626
1544
1925
11024
14973
13062
14182
1004
12433
2506
12594
7726
13032
8493
143
2223
1287
13065
7901
4188
8361
7414
975
14271
14171
236
834
4712
10761
3897
4668
7286
12551
141
13695
2696
6625
13020
2126
11577
6695
7659
11303
2372
7467
4679
7594
8852
10485
1019
13465
6120
8153
2801
3088
1061
1927
9011
4758
2171
5316
9577
228
12044
7759
7165
5110
7883
2087
14566
3488
14578
14475
2626
10628
5630
1929
10424
13521
6903
14963
124
9597
3738
13262
10196
2526
1265
8261
6203
8117
5031
5327
14012
772
6412
10548
6154
6521
14791
14925
189
6764
4941
5852
3663
13830
901
2714
3959
2579
8366
13008
11478
1201
11059
6440
2304
12761
4358
2325
6478
5109
6114
14888
4802
7851
14461
7429
12994
12385
4406
6541
1112
13705
12836
2357
6073
14351
3824
14486
5557
8217
1627
9358
8527
13358
14338
8272
8870
14362
12897
13023
14618
10113
12718
3697
11586
9042
9424
9130
9230
4566
6560
8933
7297
14856
12054
1963
3585
14735
6655
1973
6458
14370
7533
2964
2608
2484
912
11636
10068
7849
4676
12939
2224
7143
8755
6512
7742
5176
6460
2826
3222
2871
1627
1935
206
1784
8851
2399
7280
7702
12194
12735
1638
11535
5557
1994
10177
10706
6963
10549
882
301
14414
1642
4856
9856
13143
11463
12612
878
5425
2679
1753
3444
13297
12674
10041
9314
876
5073
12819
611
1018
14933
13113
696
13170
8832
5041
11489
13686
4091
4498
2590
10991
146
4354
4315
3652
11741
7045
11259
336
8760
11193
7606
10265
12182
13504
3830
8776
5609
14293
5998
2550
14557
10562
1628
6468
14542
11130
1241
12814
14175
5602
6078
5216
8684
8214
8993
10825
5602
8393
760
2671
11429
13028
4085
10076
3787
499
9971
6288
8848
2605
504
6222
7664
5707
2364
9011
7172
12490
3241
12165
10543
7620
5914
7592
6705
1819
9233
751
10206
4976
1540
304
11423
6099
11248
13585
13649
2972
2865
7914
11076
6546
13713
2547
3679
1770
263
8520
13986
13290
945
2866
3541
8246
10509
13319
12871
9602
13324
6133
9473
12153
10088
13571
14764
14902
2104
14424
3528
11601
11970
14016
5566
29
6544
10348
2089
2944
12638
7410
11464
5050
4682
1589
11343
609
2061
6222
1759
14955
5889
14147
691
7950
12844
6431
10621
749
12068
4537
5784
3036
2227
186
7039
9854
10630
11225
749
4924
3360
2258
9767
4945
14956
8319
2727
10412
6026
5356
1002
7550
9497
3585
9516
2965
8343
8076
2914
1143
1197
6949
10073
5427
14607
11174
9430
2405
6706
5627
14813
4376
94
1566
1037
14737
14142
815
5995
8257
6653
8937
839
5483
1356
6016
1132
3231
2842
14626
2012
2638
4187
4691
1651
5663
6635
10894
10354
6417
13453
14009
7263
7234
5455
1304
1635
11304
14257
149
11125
12318
4214
12110
9029
14201
6081
6319
1859
9051
9156
1362
265
11904
3677
14644
11910
14903
3562
13490
9949
1283
13654
675
2221
5403
6924
3832
4370
3879
5260
4009
7620
8972
4
6946
9782
11505
12393
2686
10314
6699
5590
12723
5939
4038
6411
1462
6235
12509
9962
3960
6494
1516
10270
9938
13870
59
14701
13972
11265
118
1216
9556
7816
3331
3040
213
14289
13083
1955
1086
5711
9485
9775
8381
14816
10952
6542
3116
1680
2111
10899
8074
789
8978
3133
14957
13690
11114
10009
12942
791
1724
6364
29
10185
9779
7201
5072
1886
6975
1072
11334
7868
11154
14296
2169
5826
9677
630
13651
2599
3310
4694
4687
81
10117
12250
11668
1529
11680
7865
14422
8406
8827
6817
7517
12727
13667
14088
12682
4965
1341
5687
6022
11663
14722
6065
14310
5416
2903
14874
2125
8942
2746
1763
13424
12532
4807
12269
9319
5603
1908
9308
8482
1013
6137
11631
9115
11810
4085
8557
12291
6294
14997
14153
1055
10346
14709
249
7492
13713
5132
115
1440
7959
9723
14705
6996
1053
10270
7480
3239
11424
12919
10867
2660
2499
13487
6197
7463
11634
12159
12023
1147
3393
13038
3926
10648
14459
6603
808
4099
12831
14293
14601
7279
5800
3353
5449
13883
541
13316
4576
8763
9568
7337
3398
1419
4898
10829
13852
11817
9231
4450
1926
659
230
9521
10941
14561
148
10163
1656
5676
793
7362
1755
1399
8147
8715
11947
6189
4570
8639
12664
76
9516
11522
476
616
5529
13235
12571
906
9465
4558
13963
14162
525
12550
2470
331
1924
13351
14334
7926
10911
4738
1337
3338
1279
12394
7637
715
13165
1592
4950
4136
2506
13338
10005
1338
2624
13665
9971
10609
569
4282
7086
9153
3374
13653
8195
9877
8827
13397
7573
6250
14641
14175
3820
944
2612
1942
5290
8420
5566
3806
7586
1217
1451
1616
2610
11065
9167
1894
1075
13510
301
4696
9574
590
13162
1173
2969
12359
11032
11269
4427
13511
10423
775
8780
911
8553
4183
10392
496
5765
875
1365
14903
13256
4461
475
6973
11822
11123
10548
6578
9790
10606
196
12595
7951
1344
755
2482
1013
11673
8440
13429
5913
9763
5968
9409
4416
1909
2224
11760
11435
5205
14487
4320
959
5946
11807
8167
3701
11368
2693
6788
13533
557
975
3448
5022
3284
11223
14332
2377
13584
11949
12724
2983
7019
14777
9221
1112
2183
8857
4491
8926
4325
6487
4678
970
11644
7535
678
7669
1069
6992
2197
7784
1829
7728
14427
872
10698
2613
3704
11028
11409
5546
9509
7186
239
9238
11444
6314
7502
8851
10129
2112
8651
13150
11193
1455
870
682
12466
5268
2714
4794
3635
10473
5973
7831
9902
13443
5178
13878
10771
703
14365
1382
1591
8824
2238
8024
2180
1596
5170
2328
12043
1311
13183
11059
7927
9488
1671
2529
5652
2259
7214
9861
10784
6287
2743
8611
4473
7129
3435
5842
5719
3504
14868
9866
10939
1882
9258
7751
13615
3599
13459
2662
11064
2757
5808
5279
4490
4436
6366
2076
7587
1387
7834
8361
13331
11049
8929
14493
12434
8841
6767
1736
4811
11600
11838
6893
1983
7329
14353
11370
1245
6795
6609
9253
11648
2433
9536
7209
3265
3498
8244
12650
7016
11842
190
1101
4813
649
9524
4852
9475
13634
14892
12201
4855
9991
10698
4920
2781
7579
12932
2545
3341
13488
900
7526
8484
5539
7493
6194
13253
10012
1561
835
1841
1498
2786
3530
1541
3806
13792
13393
13211
13550
6579
11980
972
9278
74
5194
1621
6498
13827
1277
4791
6583
13579
11160
5419
11490
160
3450
12925
9073
10381
12009
12968
10209
6478
3504
371
2608
14197
12075
13723
12612
4020
13762
11057
12891
1164
1684
13717
4933
10453
2742
4955
6814
2863
10397
461
5616
10905
2600
5137
4681
9199
12033
14388
2585
7241
3518
2007
8671
242
3883
10250
3524
1759
12106
14622
2096
7297
9917
679
10179
13580
10059
12578
12751
14008
8730
9082
2996
2679
9677
12754
5900
11785
566
3094
13609
6173
11244
14930
7515
10169
5056
11192
5974
8923
6749
5652
10987
2145
1447
1578
11518
14630
14917
5875
792
470
7913
8147
694
9092
9816
11950
11858
5641
11053
237
8552
9488
1227
13163
1956
8184
8395
181
1098
3066
12066
2514
9262
12579
6079
1879
14141
4612
1948
2446
171
14976
13490
9751
6150
3334
13866
7215
2283
12008
12433
8897
1368
13523
4883
1811
2642
7232
2188
6706
6480
6322
6539
1352
4448
9209
9647
7277
10760
190
423
12667
8487
3456
2029
14615
4861
14254
11778
1349
12504
10862
7432
14083
12456
14198
7107
8753
822
2297
11282
11022
9456
948
12125
3319
9136
11377
1775
14860
9999
12075
9254
6923
10636
1644
13889
8154
13233
4748
13681
4927
10679
6451
14802
9962
14200
5856
11364
5717
10574
1562
8246
6474
13275
1551
9354
1182
4288
2700
3111
3644
2466
7173
2530
9982
2113
13477
4382
8248
11891
1672
8806
2373
33
3990
9321
8166
432
9659
11294
2207
11579
1949
2207
12172
3167
3397
1698
1021
8695
530
14789
110
2985
11970
13979
6618
4016
1627
3685
9169
2907
10929
12098
13119
9391
200
11786
14487
4200
12421
5711
3272
814
12416
6086
319
3581
1332
7268
8388
13445
8187
14508
4361
2828
13075
11432
7153
272
10269
4694
4886
338
1312
2605
12678
407
7769
14023
4414
5001
543
2538
39
6389
7356
13290
1648
3182
13094
1585
10988
10762
5494
8218
9502
2483
14448
666
10754
7105
85
4096
13526
222
3965
6782
4873
8107
3657
3344
7594
12081
1081
14869
6412
13714
5969
3252
12217
12080
13769
2041
1532
12934
8780
5664
12260
11654
12937
2096
9366
11875
7721
11836
10681
8977
3456
5726
4072
9809
13560
9157
5603
2833
7906
10441
7376
6563
7886
6963
6081
1837
10798
1203
10509
10081
5341
12077
9059
1494
7741
8547
5475
9774
4098
8881
8336
11073
8401
708
7956
5667
4142
8589
12482
2169
13316
4397
1226
1010
7013
3137
11456
3763
10044
743
22
2923
9513
9249
11019
12369
8718
9715
2651
13291
3336
12760
3170
6896
5304
7641
6980
9200
14106
9792
3662
8682
3653
8754
9034
2030
988
7043
11254
5084
11421
815
2719
12245
1064
7230
5653
3865
4770
471
6
6048
1595
6488
9327
3277
6324
6541
7680
8991
2589
9711
14272
2946
14222
13471
5184
8590
8956
4979
9780
5007
13263
5136
8488
12197
14034
2089
12936
4780
994
14791
9963
3966
11002
4106
11808
9568
2670
3135
2672
1458
12999
3546
13598
14219
8839
14845
7373
8564
6029
14265
13802
14724
13491
7605
1602
9228
11198
8693
4772
5364
14302
7364
7722
3566
2422
8446
3611
496
1742
23
1813
14152
8016
8056
3394
8739
280
4883
1609
12655
3823
2708
9246
1339
145
7291
1340
8155
9605
4624
7226
5079
6725
1982
2331
14734
13224
5595
14131
3847
4988
14446
3806
8617
5751
5490
12339
6964
13136
14698
2210
6631
8225
1909
11738
9475
1921
12373
10294
3856
6735
9562
1057
12607
8185
7076
13383
14120
6742
433
9685
12780
12280
3284
5668
837
9126
9119
12738
3029
2120
5578
10738
14092
5557
7796
1061
6902
8794
3433
2137
4581
14876
5908
6185
13075
8720
11791
5477
42
3352
8330
1291
7975
8073
3592
12190
788
1491
3240
14894
3054
2064
10682
10904
12006
9177
3480
1696
6140
2469
13999
6084
8640
14516
12622
14994
827
723
8839
9829
12582
9400
8979
11892
1024
11944
9835
14244
7350
2703
8708
5503
10142
10688
8347
892
9638
3414
11401
7817
1691
13163
8936
14127
4411
4878
11383
11261
12190
11706
13875
2664
5723
2196
7567
1361
6039
3589
7812
13246
9468
2426
11868
13190
10543
13064
6548
503
14618
9100
10024
2227
1204
49
6052
1571
8637
9459
10968
8457
9406
11532
14963
11820
7976
10557
7532
1496
8045
592
11804
3389
3916
7451
12320
6273
10792
14384
10134
1776
9643
8570
3301
2955
12079
3586
2258
10334
894
10491
10104
4751
2234
10723
9272
4612
3991
339
6642
8259
4048
2353
9659
480
10303
2684
3991
10003
569
4423
1896
6136
3009
12362
1743
7195
8700
8189
5179
4043
1358
8942
1848
7470
1346
4381
1914
14965
10711
5062
10386
5074
12505
9463
2704
13103
11070
5155
3530
1553
2075
4150
3731
2245
10845
13050
14119
9066
11364
4553
13774
3471
14732
6748
7512
5870
14399
10499
7104
12353
10680
13054
13044
14523
1089
1564
10835
9851
2023
7241
6912
9493
5652
13581
478
12617
14877
4179
5221
14616
7349
11799
2180
1636
1858
2884
1663
3903
13263
4421
4771
4023
9274
10842
12687
13889
3918
1718
1893
13699
11268
11750
66
10390
6933
10620
1082
2004
14131
13029
3632
14590
8153
3631
4173
4865
6408
12296
10429
14682
3491
11611
11178
1072
10237
6460
5644
1841
12634
12038
8894
7631
5275
12994
13783
2204
2462
8291
4663
7308
5998
1152
3424
8891
1718
6641
13704
5567
4884
8662
7660
3246
5387
2652
2766
4602
1841
2210
1498
12284
14251
3059
8422
176
582
11788
3272
4288
13000
12505
9980
2139
10701
531
2462
12119
206
7541
3829
9460
11623
14399
3761
12099
12936
10482
615
4568
3494
13597
4162
7747
10539
7671
5539
6477
6556
9918
1372
1761
5753
13759
434
2256
14066
727
2402
3035
12760
10394
549
12274
3793
1194
12934
138
2104
3691
13212
13695
9669
2628
7499
990
249
3880
11648
11150
932
670
876
10599
10450
10437
9600
5124
1444
1732
3155
7862
4435
9386
8968
10817
11394
1705
14867
954
309
13224
3685
793
7668
10049
2470
13931
812
4815
1091
5428
8744
1605
10600
1475
7196
507
5159
2590
9859
12810
2890
11448
41
3819
9365
2976
27
10090
2504
67
11413
6841
12571
14677
10396
13642
14987
2652
6110
8188
5084
6086
8391
1251
3687
4756
11382
13129
10503
9278
863
11425
3566
3873
833
886
14429
6647
5890
6479
10884
9926
6266
1261
5046
5779
5822
13856
2521
12928
9774
10135
12252
7676
13337
1335
6002
2738
9311
5975
7591
5357
1072
2081
10936
2146
2283
1826
3719
13574
4713
13038
4999
9906
7163
1718
8693
4540
13048
10947
4104
232
9116
840
10859
5830
2646
3395
2200
4646
14273
676
6863
2073
13774
2481
11239
11898
3543
14609
4204
8278
6126
5135
1402
9079
3383
5170
5737
12479
2940
6139
3722
1427
10664
1678
6576
6725
10982
12701
7962
13863
1003
3449
10096
685
9017
138
9508
13994
6285
2945
260
822
7059
9644
2669
10678
120
14858
8042
8892
10265
1624
6916
8073
2930
842
4716
2616
12537
14958
12760
701
13453
5094
9242
11830
12449
5228
11799
1225
10325
12275
3134
7886
39
12171
6863
2630
5085
11910
14879
6924
12086
14401
8025
14194
8106
9413
766
5768
408
10678
13785
705
14791
9835
10892
622
3086
12735
10191
5543
2999
7087
2019
622
425
7598
6377
9255
14670
3109
12928
12494
11069
6367
9103
2439
12601
10820
14319
2291
14985
1340
2557
10809
4633
6479
11815
13788
7240
13075
10021
10828
2555
1989
7442
1799
13643
4003
1322
105
13947
7057
3510
14834
2709
4762
6534
5687
14805
11386
10143
3843
2261
7162
1621
4344
9579
1188
114
13064
4592
5935
5416
657
14762
10013
13412
11960
1252
3739
13371
11125
5508
8008
2585
10952
8102
14490
9959
442
1791
2014
413
14856
6061
7094
8473
10403
2677
13544
7374
6267
12652
276
6529
533
10762
5470
2504
2730
2108
12893
2452
2954
13393
7571
13520
4473
8408
7495
9506
13441
5384
14263
6410
13608
3039
4361
5472
11172
5655
14948
11515
14524
6230
490
6767
2888
14757
11633
7471
10740
5667
8523
7284
8161
2554
9706
12092
1260
10387
1688
4630
43
13318
7046
12357
13389
10453
3155
467
11834
12761
11920
10632
6739
6268
10777
6099
9315
1321
13054
9008
1470
9217
9723
4843
14008
464
11261
948
13794
13631
3718
8044
1377
10315
1627
2118
1335
5621
14172
11793
8965
4155
3867
14694
665
8776
13001
12213
6101
7552
10477
6380
10944
2878
3790
362
11386
8273
11435
145
14562
10564
14505
12947
8889
5309
12158
1431
5124
6465
4075
4347
13838
1982
10319
11612
1293
2592
3833
12124
6462
1992
1462
12331
13499
2370
2292
8401
14180
9118
2318
4915
1596
1442
5937
6868
7029
1454
12910
13974
2982
11504
11570
6817
1884
10368
5386
13403
5231
2158
13682
568
8311
1867
3688
13172
3478
1246
2765
6239
12672
2048
11116
4593
12312
2658
1406
54
7172
5581
7741
7531
13676
9321
10791
13378
10999
1587
6605
4490
4632
14745
8389
11611
3719
11920
3260
5928
14610
13120
6480
7717
6301
6397
1854
11459
5831
9594
807
14850
14855
9273
11161
12295
12055
11334
147
4230
10472
10429
10560
7242
14422
7689
1367
12034
11686
2271
10330
2262
7861
2209
8983
7163
2507
6879
11980
1898
7888
6539
14470
784
2541
7796
7267
3634
13510
9558
2318
11135
2054
3136
12259
2594
2844
6694
1467
7952
3141
11095
12938
5175
2513
6098
9552
2696
6818
8493
6293
5238
12531
614
10297
6711
2390
5629
5810
13787
1745
3841
8183
13570
6121
12394
6293
14963
14215
12528
11808
13195
8706
14714
7012
3914
6694
4665
11204
13996
2763
14382
11947
14910
1049
6769
11625
7512
7955
4236
1128
14634
13241
1863
128
12578
8818
2341
10143
101
13401
6559
6477
3155
10936
1431
5832
6296
3538
624
2923
2928
13030
212
1212
11755
11881
12254
3294
6322
5786
11529
10444
1001
10556
9672
9271
7453
9376
14632
13641
8935
3041
7987
13835
14249
1540
13766
12797
10313
7263
10053
732
8988
9465
2558
14249
14557
5171
5451
12183
7302
13294
9100
8333
4045
2332
76
1005
4051
27
14067
11739
4802
4624
13844
442
3381
4696
7919
3660
1364
12629
6330
1089
13855
8614
9980
3570
667
7680
12578
12838
3403
8116
8293
1724
2873
14449
324
11154
949
9396
10198
4509
7909
2412
13994
7666
11782
3203
2611
9829
12257
12706
8966
3024
5770
11716
5254
1806
8685
14479
2146
6841
834
4286
11901
10969
8995
1634
13886
349
3282
3033
1257
14911
10873
8983
8902
12307
10636
2861
2472
14528
7138
8344
9769
13234
3996
14172
7604
13943
3012
7880
1035
14513
9594
531
14162
8235
10259
6927
5907
5192
14444
6189
228
2720
11485
5225
4094
436
13225
13095
3583
8868
8628
7006
11147
2687
1590
5541
3238
7851
3760
9579
13957
2678
2404
13043
6301
812
5226
6144
6596
6017
11616
13805
6007
13369
1642
336
699
1326
13314
13024
7313
9619
3458
3397
8340
6087
2095
7847
12044
1523
12912
1281
8456
11359
11848
13871
991
3874
4328
3414
3455
1897
12473
9451
2242
4642
5647
8526
13214
1825
2930
8696
10404
12595
7994
11068
7188
4641
10080
10042
3126
12535
4861
8001
4908
2622
12693
10294
5118
7718
5404
3944
2894
10640
14012
11926
9029
4979
10749
2851
7893
11445
10655
8624
9354
12037
1548
6347
827
1062
3905
10239
2572
11887
1406
5300
7057
11729
1268
3752
2020
4992
3167
5718
10847
2094
3188
1422
7913
6868
13300
2445
14898
1202
3329
9943
7105
1769
14769
11642
1297
11263
10721
6245
12919
9626
6220
2585
3175
10985
10460
13150
2015
5696
12504
5033
13852
1538
11815
8364
4652
1220
9291
10918
6684
1919
11585
12253
3587
1270
11249
12138
2398
425
8169
5028
13149
1994
10383
14272
12670
894
5878
1015
4105
485
2944
11496
11812
1294
13893
6799
1991
11300
14891
8494
14075
1550
13775
9315
5174
9070
14219
11866
1834
239
4912
13253
6464
6509
10150
8089
12246
6232
1921
10107
4272
12369
6422
259
4158
9648
4983
3239
9123
2724
907
3707
10190
11157
346
12352
6924
7119
1551
2098
11837
10592
13407
4511
10814
14652
10881
12845
9744
7742
11246
14579
4950
6706
9515
4786
9228
8625
2205
13357
8918
6228
556
10103
14287
4469
11699
8980
6412
12490
10759
13491
776
13411
2133
12090
12297
11951
8113
5123
12530
7673
10837
3278
5554
13977
10671
9086
2653
1752
398
4752
14002
436
1694
73
2917
6717
10329
1512
2126
11839
12297
3940
11545
1057
12827
12903
11759
9589
12022
7587
14109
14778
12629
6980
11948
12550
1281
13246
10129
14063
10427
4720
10678
14092
4048
13786
8232
7407
8685
6955
1770
14710
12957
7422
946
13466
1017
6861
1498
3336
5191
5678
13050
6006
7887
8389
3676
13144
2378
10131
13488
11556
7483
10254
1
12755
290
2489
10216
12009
1311
941
12800
2998
9708
8455
305
8238
10486
12500
793
14614
2613
3683
12984
352
1130
2138
5034
1601
1865
8684
11858
8969
1711
6969
1709
2642
12733
12438
11685
2500
2702
14870
13584
14257
4693
7641
12088
13
13811
5821
14836
1664
10616
10898
3678
2775
10135
12554
4534
13879
2287
10625
2735
3076
350
713
11985
625
12793
6505
13823
4056
3914
463
9474
5085
9161
1123
11054
4398
11823
4751
6338
13918
4007
4932
7198
12506
14237
10358
6600
13291
1899
986
6448
1085
593
3726
8997
14856
9829
339
2343
14429
14796
743
38
5507
6768
5054
9794
13506
9147
3610
13925
4855
14466
12240
11207
9210
493
1500
3176
1037
8062
13648
619
10014
11728
713
12897
6910
12842
5131
9091
9035
7916
6287
3524
5667
1345
2737
7038
5417
5894
1950
972
10845
7778
4286
11201
14591
10286
13326
2119
10669
10007
9730
9009
14542
226
537
11981
717
471
385
13748
5329
12937
6205
10701
7524
11365
1412
1041
251
11505
8484
6767
1142
2671
10846
10507
9089
8257
10108
8267
5858
7679
14200
12675
14156
10192
8991
14833
859
10997
8918
13291
3968
1708
8235
13247
11463
4403
8240
3427
4096
907
8315
10351
4587
5280
2777
10823
6880
2302
813
5677
3165
7358
2571
6039
9313
10145
1562
13181
3201
644
6857
3062
2648
5940
4809
9291
2453
980
2619
6420
9008
7285
9548
14978
676
3614
3710
13372
13643
1340
6337
2622
6502
11035
3130
6359
1437
13470
7898
13505
4799
4203
8106
1239
33
5066
12517
14482
580
9024
1728
1772
1314
10383
6141
9817
13489
320
5590
5514
3260
5852
2272
8284
4365
12039
3013
3185
6760
8502
9575
13734
5060
12715
12650
6596
13523
9542
5417
378
1053
566
4892
139
13311
5968
56
13788
12225
3223
1440
12442
6649
11805
12835
4369
1442
8873
2669
4975
4177
5138
5634
3242
5746
3019
1016
7975
4253
847
8957
10525
6967
582
8145
2241
14335
297
11877
10028
1206
2019
4292
1642
13466
1192
7472
6260
8701
5218
2017
1944
14625
2065
1506
1158
1503
7667
9276
2047
2633
14790
6047
2146
6004
13153
1902
8327
14154
6185
4650
351
10406
9347
1026
13971
14337
4796
9794
11324
5533
13857
897
3211
2777
5693
14551
291
13796
13853
2351
8316
10037
14362
3761
9985
8730
2535
6051
13083
1807
1937
10585
10791
6618
14183
4067
8117
6389
9426
13102
5611
6451
4983
13622
5194
12039
1755
4594
14896
5281
5639
10168
2421
4346
1884
8866
9697
834
10391
7633
5190
2840
5184
13818
7130
6754
10680
3614
10601
8253
146
4862
2152
13319
13964
7814
14908
14555
1477
618
11212
10430
2265
967
4532
14943
10699
4523
1156
12588
258
8159
4465
13763
8511
947
1066
8381
13166
5947
13541
12298
8043
14465
8195
12585
10271
2716
2201
1207
2107
1303
9697
8834
7612
4068
416
6646
176
6355
8449
9920
13080
12989
11322
7593
1598
7198
13510
8653
72
659
14123
11860
7998
11000
1900
4121
1321
2037
1985
4913
1916
8954
4486
5742
10200
11568
4209
6845
170
14682
4880
6109
2208
5260
10707
8850
9076
13027
5125
12608
2775
2885
5129
9547
3146
5482
11715
5150
9169
13339
5308
11794
8505
1106
1698
3218
956
1642
2344
11134
2098
680
5737
4556
10634
1955
931
10253
4905
5280
12489
9871
1755
11073
2177
11702
416
3087
4232
2481
4976
261
5515
8939
1658
14991
4439
13982
448
5243
9619
1071
10632
9062
12220
13782
5991
12834
8673
1564
6303
503
11929
722
9899
1448
10946
13407
2223
8687
5795
8578
12845
3684
6548
13241
486
1465
1724
5338
1654
12169
13131
256
1467
4859
7513
14657
3319
13202
143
6277
1507
2703
10685
24
271
11313
8251
13476
5312
11851
4196
5489
11521
11102
5184
9799
12893
3849
6785
246
12188
14463
13344
3259
1860
8872
14017
8173
7833
9442
2684
1089
7016
13977
3517
3299
40
1284
3206
4998
14147
5770
8676
918
9388
21
6031
2443
6736
2390
5374
3481
12074
10778
787
8382
1786
523
3346
5980
1086
714
936
4736
884
2187
1097
5649
2086
14753
522
9261
6983
6637
7689
4920
2237
11793
12066
4279
4199
1497
11387
6012
10977
7548
12122
8203
7246
6703
13565
1540
2573
2258
2371
6921
1655
4360
11081
7299
8392
8961
511
14592
10868
7034
1676
12137
500
2776
10791
14377
1257
5273
5704
5087
5968
9516
8543
8496
3567
3457
14187
8438
4199
12627
3365
1086
1666
3909
5341
1361
2815
6155
3013
4753
3339
8707
12526
631
14250
8180
3080
8314
13839
2518
8422
14146
5992
1970
6840
9309
1566
8763
4474
8682
6971
8148
12054
7709
6509
1716
4430
1067
12690
14664
11772
5542
1260
3632
8573
2515
10967
10989
3171
13169
7200
656
3851
13445
12937
1279
4407
14428
10314
7524
2372
8328
2074
8462
2174
9935
1103
10588
1418
1464
6154
11127
5596
1496
14214
2407
12371
8860
8306
7497
9834
9224
4853
2880
520
6127
7794
1586
6466
1372
445
2108
2272
9088
13100
1520
8597
5716
2553
7493
14754
8258
12591
9960
13358
10887
7810
5866
10687
2020
260
7314
2436
1029
4102
10469
7870
457
6732
7579
11075
11396
844
1275
13317
25
512
3586
5723
8972
10058
14096
8175
5039
2184
11659
2296
10723
1984
6232
14504
2233
9301
591
6481
2409
506
2703
7859
9819
10558
562
9121
5029
8657
10714
3333
8093
2183
11468
11321
7359
6075
3988
9095
4984
6365
12265
4715
11747
9391
10426
11256
13164
1468
5793
14232
7620
2881
4719
1129
4949
4721
9080
2092
3767
12588
5809
12127
14826
1160
2519
3221
10036
1315
10457
9148
14157
135
3361
752
1209
1479
7295
12590
2525
7977
9695
4091
5190
14373
7420
302
6703
9845
5524
11540
5610
11828
6638
8187
12417
1828
170
2624
14900
7515
10416
3645
5437
8670
10379
1677
2859
7953
9847
12138
5916
7989
9617
7289
2383
13075
5334
3916
11057
10657
63
9617
9525
12130
12443
1985
4873
7050
8397
3027
8583
10203
3776
5417
666
14553
3760
12756
11418
7845
3555
4444
6825
2000
13423
122
734
1414
4918
794
6874
12061
1176
9075
5986
2502
1623
13209
12396
11027
11721
11292
1989
10930
9073
978
10194
9
12255
923
877
138
817
13804
6091
7913
12290
2254
14980
7300
12323
7903
12603
6370
655
12730
9735
12439
12275
5227
1464
13135
7973
9349
1454
9504
2308
10519
3334
12438
5696
13180
662
8145
2660
10962
6908
6577
13473
5646
3593
7973
629
9197
6812
536
836
1230
3717
8533
9957
1159
14750
9621
8297
4725
13121
9527
1407
8984
3446
575
6692
11589
539
5665
3105
5878
5354
2943
2005
624
14853
626
2612
12843
8725
1150
5136
13591
10147
7329
8856
12805
1742
1910
4382
12780
14103
10084
693
10533
2313
11100
6162
11048
7406
291
2570
14960
2629
7140
6229
12581
2472
6779
12441
3457
7149
14445
9746
1126
7211
4699
10617
1181
9816
6065
1227
14473
12480
4594
2483
3006
3537
334
11106
12588
733
639
1166
1065
14519
8400
5033
2509
13897
13439
8979
7639
8246
4060
9170
745
12363
9770
11050
11519
1468
10559
2144
8062
10604
9191
7187
1227
3604
2005
6301
1769
424
1348
5397
4567
10231
6666
11153
2001
3618
14174
787
10669
1598
1580
11225
2729
11261
12159
8426
8268
4313
735
453
5170
14563
1571
8212
14236
6891
1712
2065
4751
13961
7546
14768
6755
788
8218
9566
14943
2089
10274
2816
12580
838
9389
4270
11887
13831
10810
4641
7322
3320
14882
1627
13021
1412
5455
10894
6985
2358
8000
337
3830
5951
6458
2406
10366
2335
50
4095
13593
1271
120
8018
14314
254
1118
4978
4161
6506
154
9592
6563
3577
4855
5073
11135
8017
10051
9194
6946
1853
5748
2522
8062
6345
5260
13367
2886
14440
2719
9108
5269
3555
2051
7433
13800
2021
1736
1099
2793
3917
11183
4030
10317
3060
13759
4584
7400
1136
8358
5071
272
7343
2781
13878
407
13296
2687
2404
8253
719
8036
7286
13429
1679
10961
102
5950
2365
11386
12627
2158
2738
4842
3939
11594
2097
1034
4494
14769
12874
14936
4110
97
5382
6562
10740
5585
10924
13500
1732
11850
10443
8607
6851
13288
11041
7770
9224
1589
1468
12084
3401
11159
607
1939
4464
5921
3367
759
4686
9024
5230
4299
14357
5471
8176
9197
1684
9989
7620
2947
2191
8276
2470
10520
14342
11198
8546
1655
7159
14059
5795
8792
13342
9838
13901
13233
12676
4737
2439
9959
581
12086
14
5285
5254
5728
286
2427
4671
14537
3282
8371
6550
1349
9078
11200
1836
3574
13138
8352
13732
12618
5234
572
12377
10530
2732
11045
5343
1468
1
7529
917
12635
5000
2758
14241
582
13624
942
7132
750
1540
9300
10576
4100
14364
13246
14727
202
6425
9084
7390
5736
7025
3896
13746
6171
11484
13718
13393
13753
11325
4774
12741
3256
4469
7071
1844
10031
757
10766
3115
2981
1459
12359
8125
6009
10312
6668
6718
929
2591
1100
4581
13871
2991
10413
14001
3065
13276
5085
4683
2912
5107
9869
8645
8827
1437
2367
11593
9989
3839
866
12213
8948
7447
4660
1053
5772
6257
11111
2058
10667
11251
12671
13146
3926
1149
5875
10775
7044
9430
5537
6764
5017
6859
8935
7302
2062
2656
3816
6175
583
10140
12083
14025
5901
1576
4338
377
11301
4425
865
5538
2696
3526
3630
7852
14789
795
1745
6707
10076
1072
6491
1885
14820
4980
12196
5159
1808
846
375
2439
6157
14821
433
9767
12223
7958
554
11272
6956
9390
12626
8030
3129
2040
1528
5395
8491
14649
13055
5518
9193
2531
12619
3149
9057
7991
2283
14744
11440
6302
6494
1928
270
394
6034
8432
3593
1136
4027
5843
4081
3617
4962
13718
908
5921
13246
7167
122
12783
2783
12007
6492
1871
14616
7196
13144
11764
14772
8593
14936
4218
10413
5882
13468
11722
1953
2323
1829
3231
430
6425
2700
14154
7152
1795
5042
265
8384
8721
145
389
14078
3214
5203
8659
4203
8754
7250
5059
1576
8091
9639
6824
1396
9702
2206
11559
3124
9288
1042
14027
2531
6210
14821
936
7044
12532
10675
3903
8101
8072
3776
10
6431
7795
13623
11737
6891
5016
2453
11755
9783
2934
10189
2856
11961
2946
9924
543
14660
488
5944
348
3585
6390
1669
6789
3199
12281
12480
2708
1814
6861
448
14847
7272
2183
12345
13143
1449
10637
12354
7550
13889
2824
11826
9252
6191
7640
2047
3363
5776
2625
14079
4986
10104
11782
378
11351
6049
5171
3495
5217
12730
14727
1039
14916
13673
3353
863
6422
12668
11129
6466
14330
260
9083
5390
9987
6420
12736
2141
3667
13633
13486
823
5004
5162
11897
11142
2151
13433
5873
2362
4771
2314
12166
10646
8121
1811
2129
10971
6622
3597
5
8515
5800
8211
10270
4553
2236
472
1345
11831
6383
12262
11396
12152
5667
84
13711
11759
7373
2296
2907
15
13453
5285
14906
10813
13022
6342
6576
7291
2526
6612
7168
11983
5784
8388
13794
13051
4680
3269
1275
885
2630
5336
12461
9106
6512
9993
12825
12551
7017
8061
4802
760
14310
2924
68
7301
12226
8257
4141
10049
1656
1808
14450
8492
3761
9383
4837
220
271
4680
1726
5520
4810
1702
6632
8325
10808
12726
7302
284
3970
12489
6165
13964
9125
7535
12771
2852
13998
8725
14512
5068
266
5841
3380
9956
1029
1662
2433
3228
161
1140
2667
7238
2049
9849
9405
7049
10566
13222
7134
13176
6242
2515
12148
2363
8955
14677
3455
6659
1722
5785
10689
10467
1117
857
181
11430
9538
13630
3390
9844
7005
5102
14385
12921
1988
5137
14053
7583
1529
6367
1473
14194
11959
4180
13984
5988
10824
398
11097
1595
8902
2654
14521
504
13473
21
1933
4954
10825
5034
58
666
2733
12281
10168
1967
10691
869
14927
7829
6480
14145
14704
9450
3834
12004
7911
3241
6028
611
528
283
11394
2188
7864
8962
2566
13600
4252
12319
12082
3559
13104
6359
239
7179
2465
2458
6573
7222
1923
10757
10868
6261
9299
10344
5235
11842
9020
10353
14063
8412
1812
6794
2406
6882
3652
10761
2899
6272
843
5695
5085
6536
1501
10956
1156
5324
651
6689
5940
4011
11018
14933
14949
1211
3496
11420
14649
4190
10172
852
3696
11224
3638
1650
801
9408
13135
885
2178
14813
5642
10305
4497
8163
12538
3552
10852
2733
1566
3939
12446
6229
8195
14527
2179
746
6929
4206
150
258
5313
9402
10200
9728
2693
7354
12796
11543
7568
12150
12377
14256
11743
1749
104
7816
14048
11074
13966
4750
138
2170
14332
7971
11054
8769
13053
13179
11157
9982
12696
2587
13930
732
4279
2860
8753
5090
1959
5239
7055
12973
4209
10657
9172
3148
8504
4512
2175
13820
11108
12206
7600
789
13262
14046
9436
7493
5733
77
4668
404
3368
3900
6055
10168
4213
11115
130
5794
11978
14855
13
6832
14890
8327
2648
11300
2490
14675
10837
6613
9388
11958
504
4492
10483
2830
12028
13362
953
8497
5647
184
598
11555
10033
3103
5946
5477
13225
9082
7196
1624
12633
13344
7603
370
3283
4990
14438
6600
36
3180
4655
9653
8400
13351
133
13946
5294
6872
2650
7591
14205
2178
10706
5320
4751
529
5229
5723
14669
8786
8775
4185
6652
3885
12038
10916
190
11682
4075
13760
5851
4547
14261
6428
7234
9422
3162
12819
9547
6351
6264
1462
6847
8459
9595
12372
2946
13503
8247
5421
10255
7954
761
3587
10420
13736
1617
5114
13336
13593
14019
9266
9371
7337
11526
12747
2645
4513
14483
2816
5106
10727
8202
774
10307
3081
1594
8991
4592
9215
3224
5858
2701
3850
2323
13286
6763
2703
1269
6375
5153
8849
14236
13639
7763
13238
6273
1793
12201
11344
2520
7482
3371
8992
14146
4985
12715
12086
80
9400
1283
14387
12120
2651
12194
186
10517
13609
2889
9500
12426
11897
12770
10332
9815
11503
5971
4538
2599
1078
5399
6852
11889
14464
14054
3506
742
6268
4663
14656
14082
9696
4619
11873
10095
4671
2539
7122
1446
14524
8244
12366
4719
2136
1938
4600
1500
13193
555
4125
32
13067
11430
12723
14557
13819
6876
1693
13911
3362
13133
4729
523
11150
12278
1827
14349
1279
2778
7339
176
3945
6126
140
4822
6341
3641
7967
14082
8149
2548
9952
12908
4552
3111
6558
12078
13010
404
6577
10541
11024
7575
455
370
11907
2486
10000
13049
8931
574
11659
10817
8885
5374
5032
7605
9784
792
10423
8011
5988
2365
569
5995
580
9024
10710
1658
4142
14286
8478
14024
12273
8829
11436
13550
12518
9010
12744
868
1266
6591
12892
370
1539
7605
13777
2213
10992
12694
8410
11621
13198
7663
10129
1101
2760
10843
3441
10090
14495
7643
1621
6487
6147
12965
11487
1272
944
9467
6475
3446
11789
2350
828
955
1505
3282
14247
8758
12286
1115
10351
7833
8674
14944
12313
3233
14884
13240
7769
2590
2684
6210
6988
3796
13246
1913
13640
936
4249
1480
13208
1231
3955
4602
13941
2044
4719
8413
14378
11624
11473
11984
3886
14687
3721
1258
14703
14440
10607
12277
10925
10653
13038
4036
1700
13317
1891
13368
4607
11222
2976
1521
2793
9566
10548
9259
12685
6532
2830
1783
2706
11163
690
924
871
10343
9283
14197
12181
4970
4073
3716
1052
9737
11756
175
3478
1155
9730
10883
852
4770
11238
13302
677
13605
12074
9162
6198
8596
2126
5486
63
14230
12561
7719
14074
8080
8710
9663
10225
11575
7683
7476
13816
14344
12447
12533
14569
2685
4362
5473
10287
8267
6090
2152
4605
2234
10595
9077
599
3605
8534
469
1185
1418
2965
14617
11015
14067
14997
1874
7149
2511
10397
942
10792
1867
10590
4021
8356
949
13252
5082
2272
1826
9229
1174
13455
10310
6431
1239
13992
13740
9854
5449
12568
2055
14878
7491
1198
4057
10774
590
11863
12537
14430
12889
10540
2586
6842
4168
5521
11561
6048
14582
383
4607
11990
11785
13404
6961
6463
8733
5393
11844
14064
1924
14612
9741
693
7444
7271
3920
13850
11113
5577
11846
2487
14557
13604
1365
1499
2509
12879
3339
6724
3006
7412
4194
8118
944
1228
4515
10291
5417
5802
340
1545
5237
5013
1275
5434
14741
9402
5184
6136
9829
634
438
2135
13578
3672
8723
12264
4660
9541
14369
10283
1849
5367
8291
3228
14459
2072
107
6306
11002
10435
1771
9556
8508
4300
7731
4076
8804
6440
11195
7489
13665
11674
12049
10359
2281
2488
4765
8714
9014
12453
3171
9979
6767
12705
6417
13650
10378
7838
13538
4460
5433
5956
7106
5527
5938
1367
3915
8156
4291
6447
3183
4636
5094
3937
847
6239
5457
9404
4715
10600
42
6926
3075
12325
10345
14864
13750
14277
10598
14335
1648
7427
5044
3245
13593
13762
2270
5176
1140
9697
4482
14472
269
1714
12667
1031
10807
12110
9291
14060
1685
4547
2760
1104
607
392
2094
13197
5584
2951
2558
7436
13
6668
10870
10166
1904
974
12792
2517
6150
4516
119
9244
3389
2498
12712
11092
11875
3564
9126
7008
3371
122
7728
2659
9337
3276
1222
11577
1800
9920
14242
13612
5713
210
8636
8264
2831
8515
3337
5784
1033
9989
3340
8706
14671
941
9869
13392
7729
4986
5538
11321
13125
998
9355
13704
5495
563
8866
2555
5701
2303
14715
1630
1795
6027
5464
529
1749
10680
6352
5200
4
3443
4281
10017
291
99
9859
1731
8554
14552
8263
445
6650
10486
7056
12573
12890
2859
2553
130
14641
6861
8047
13628
5045
6423
10937
7474
4155
334
8757
11052
10392
1535
8932
7323
12080
8203
11177
6581
13270
5389
3430
886
7003
12611
1328
14275
5761
100
10043
3056
9394
1066
4929
9573
14285
14727
13799
5524
11202
1588
4089
1998
11653
4176
10751
10679
11456
5894
10631
7407
9532
10490
166
4522
128
9965
441
6114
390
7711
5489
13764
321
8189
8822
2265
6004
9755
14723
10317
5855
6587
11426
9525
819
12303
121
2660
489
683
3342
2575
6501
10567
11223
5755
1553
851
1517
13227
8487
6603
7738
13902
2902
7750
968
103
4266
6882
1844
1711
14509
11490
9859
10185
3122
10107
6587
8988
1372
2491
9973
10519
2074
2354
1282
2663
12997
13214
9452
14116
8805
4786
5334
6565
10505
12838
11454
13785
1334
1973
11922
1545
371
13258
89
6130
5298
3341
4924
12902
344
5877
1732
12501
649
13614
254
5312
9694
6333
12452
1815
1600
217
8213
6835
3850
2253
5913
10142
8210
12451
9181
2570
9536
4563
8366
10112
12818
11012
764
1322
2607
13346
1444
9851
7594
3665
14443
12445
834
737
6503
6026
12560
2954
11008
9007
1544
6130
2752
6071
12396
6229
2542
60
3221
7716
5945
7179
7659
5385
7739
384
4639
3738
13636
5031
4783
2316
2081
2022
7426
2753
9205
5447
4413
13005
8046
13826
1245
2550
11995
8530
5133
10
7317
2430
7762
9134
12931
10747
5533
10284
874
440
6881
8836
9988
5571
10590
7630
5561
14522
10598
2190
13164
445
3622
9706
2816
10714
7335
2000
13138
10616
14165
2059
8512
8384
6847
5944
2738
14832
13656
12252
9352
13291
1053
12296
9421
9062
14361
14768
274
8035
2134
10192
9302
379
10388
12880
13501
6616
12710
9073
10062
4953
10971
7824
3065
2538
7051
1611
13792
12979
7444
7162
4822
2719
7299
184
1934
8696
14710
6073
7469
8704
12865
846
1850
9051
13647
1143
7445
12156
11460
769
8886
302
769
9848
2607
3188
14536
10310
13365
2634
4352
4141
3626
1725
347
3201
5839
11032
11222
3218
8625
13585
14816
2345
8353
12020
6071
11368
8920
2175
9488
7031
7346
7717
13045
1700
10163
6686
1116
10322
6503
13542
7805
10574
10734
11453
7812
12230
2225
7160
9984
1666
3846
13951
6827
8592
11898
8214
7372
11987
14663
191
5585
6907
5419
6623
12720
14667
1219
1992
960
9567
2104
8280
499
4868
6346
11104
2431
21
6026
1535
5822
1834
1236
10288
13394
4828
3349
1625
2693
11919
12801
2245
6432
9087
9696
11509
6754
11598
8193
1122
2820
8908
14072
5023
5562
1992
7053
5252
1524
13966
9957
11981
62
13466
12524
12301
10829
14236
12954
9613
13683
8877
6158
5290
3293
200
1777
2462
5843
4132
12661
8701
11639
6081
9621
2546
930
169
14142
3763
5835
1634
2271
8083
10001
14561
1365
6142
1100
6337
7666
6834
14030
13828
12255
6029
10320
5985
12111
169
9418
14398
8126
7407
11411
13464
2049
4691
4970
5345
13600
14644
10156
12465
14538
5559
2207
1912
14415
4948
6294
9130
11588
14081
86
8765
7235
2077
14016
119
13385
9848
5649
5548
5556
10833
11782
838
12428
10897
5860
8325
12800
654
7702
13842
4405
730
4216
566
3651
10533
3084
14720
3297
9440
779
12239
5242
5804
6007
7621
2671
7850
4206
4525
10079
11788
6985
12630
140
7899
4974
7639
3816
6003
9042
9486
64
7212
5067
3828
9584
3931
11566
12083
12983
8832
13236
8291
11813
3257
803
1449
6514
11127
3498
12065
3216
12294
1908
8438
3419
1339
7425
71
11184
6346
9329
11060
7484
4222
12538
11561
1350
10924
884
906
848
14314
2787
11985
14410
10235
12501
1971
840
6158
5669
3857
4486
8593
1023
4734
2736
11384
9828
9500
3062
7091
2136
12101
6480
11574
10907
6886
2246
13210
10837
4982
5940
9700
102
9408
196
1220
3085
11428
14356
10561
7134
453
9801
604
1689
5399
6876
11570
305
1991
12844
14558
7858
11320
11876
9150
3191
3947
10799
4468
11347
5510
81
480
7982
8208
7720
2139
2426
1700
5771
2015
2511
12356
9233
5766
3619
1721
1238
13265
710
704
2545
2051
12542
4302
12345
2428
11142
2911
4697
14825
4684
1099
10641
1132
4571
8755
8536
5904
4446
12610
415
11033
7918
11631
10319
12433
14414
9091
3462
133
6636
6518
11646
9322
1819
6806
4334
4722
247
4971
789
11395
1009
2228
8836
5578
5676
206
5051
14643
4255
319
1391
3725
980
1366
14755
3172
14023
5845
2268
7510
2411
11873
1553
875
1978
13698
371
9942
5268
12342
618
9969
10066
12322
3656
1728
11915
8284
2138
6933
11550
1163
12883
14036
13593
10136
8931
2535
2521
2729
14689
4725
11635
10234
5604
2126
6123
12783
5761
2066
1931
13265
5424
8323
4487
13909
14639
8632
1566
6427
4363
564
8379
14420
1852
8742
10316
13077
6169
11522
99
4588
5532
7240
8340
5553
11831
5475
5782
3743
9119
2901
14701
9235
10607
10681
9791
6924
2400
8169
486
4635
10456
7545
2445
709
5801
10220
519
1350
13948
7581
14300
6449
685
11120
14133
8341
11889
9771
4298
6434
141
2623
14546
5541
5728
3251
6083
14248
13100
5051
2731
8397
13305
1332
3806
13052
6083
13140
6768
9371
6677
10144
557
2974
12117
11958
13287
12367
5434
10844
673
4815
6299
11472
8938
11262
12810
5921
8587
2328
13442
9054
3324
2529
5492
9598
7100
1882
6824
13311
3672
12579
8994
91
6654
6235
6267
9248
2114
12423
10746
10975
8489
3023
8378
2520
9084
967
5806
2795
7647
8325
13442
1090
12099
6798
12067
6461
5392
574
10466
11606
11807
2439
1397
12519
13263
12945
6727
2016
7894
4324
3570
1125
4219
10370
473
1671
12162
13016
12826
7730
1495
9038
9196
3831
1550
5301
1702
10795
3562
13304
14993
13960
4949
4207
14614
13970
640
4456
6562
2652
4411
2678
1577
7540
2223
12503
2225
3197
6850
9024
13913
2724
5715
5372
1809
1621
3982
13157
8299
150
2146
498
4467
12444
4449
11393
13532
10205
4696
12295
5451
4150
1952
2582
1599
6846
13676
246
1585
6434
6101
14400
6568
2298
11010
8942
11232
11100
4899
10975
9388
760
1263
1146
730
13660
9325
768
4967
3969
928
2095
10850
1797
14543
2924
12397
5418
412
2369
12049
782
8834
10575
9689
6885
7669
10469
2426
6205
1845
922
14961
1912
8923
4952
11701
10343
631
3426
10431
4452
2721
10199
13528
1481
9406
6383
12426
6615
1613
6205
3193
4010
14939
10006
11867
1667
2172
3081
6965
12542
27
7887
1936
12734
8252
10725
8077
293
8160
952
597
9528
10808
4288
12028
1921
10806
11128
9838
14711
1584
9804
138
14484
6342
5636
13622
8278
7279
81
1435
4712
7230
8854
6931
5409
14731
7449
6633
4142
2671
417
3064
1819
3816
4985
11510
2975
1742
6886
1409
961
4749
8086
5779
102
8172
2506
12402
9797
4173
6110
5732
8988
11671
3526
10185
803
6728
13747
4689
5353
9198
5990
2896
399
4952
12019
4374
1258
1720
8874
6916
3069
2884
10611
11860
2126
12597
7840
2584
13519
9160
6519
8062
6168
13604
13167
14939
11227
7194
2883
12877
761
8739
14558
3781
3555
3079
3062
1869
9522
10674
6099
4758
1259
13420
14346
2902
190
7217
10957
8240
8726
8126
13533
7179
5422
8717
6763
10288
13209
4739
10531
4606
4491
3800
14570
2408
13254
4414
12657
10786
584
13349
3594
5800
13363
5607
3667
6736
6220
6672
11665
2600
609
9848
9015
2915
3213
7508
7623
8328
7493
5321
12000
4899
11272
3387
2193
8553
1218
2525
14989
694
90
7689
7415
12297
5269
4347
10359
1738
12746
11569
10798
826
14648
13222
7238
5644
14908
3671
4550
12547
4040
2253
13
11021
11432
2477
692
526
2846
11100
4417
7775
2057
3678
6873
1737
1009
6897
310
133
2359
1789
745
5
8931
1728
12650
3520
4869
175
7902
8362
4256
8967
11928
6314
363
14781
13819
14729
8290
6714
4942
13224
2797
6732
12841
232
12136
633
4583
1383
13251
12645
8853
2458
9602
2269
6034
774
6895
10420
8527
10884
6534
1783
12513
2437
1826
6053
10813
25
5846
13297
10203
8774
14759
4306
1678
6359
6112
5282
11651
11571
6981
4254
2328
11360
13717
5798
6119
2719
3778
5382
1066
2153
714
4372
11177
6587
11875
243
242
510
4098
2663
1249
2243
2149
2593
13537
621
4618
6230
9625
11782
4639
12707
10562
2351
12548
4459
4040
1906
14982
11469
8415
602
10317
3295
1968
12046
7168
10040
1164
10601
9775
3445
1000
2526
8081
3218
11825
5450
14087
675
1258
14186
1216
59
12276
5231
6583
2212
38
271
8963
1592
29
2662
13613
14697
1877
2101
4959
172
9192
8249
2123
12699
7551
5759
5729
13146
8743
7439
11861
11474
9478
11494
696
405
2214
10033
5526
10905
2296
14222
5849
169
13085
5621
13092
14839
4233
6120
338
8567
433
2263
3535
14832
3638
14695
6103
2012
2515
10643
2270
3835
3548
9731
1504
1042
607
10412
13298
14738
13103
4016
13064
8118
1318
12000
12152
5644
7539
6783
8455
1888
12013
3913
8923
8838
7175
7092
809
8719
1852
13278
1624
10853
11212
13231
1590
8002
7016
2488
4729
3030
9922
5988
864
12328
9489
3478
1715
847
476
83
12832
3840
12620
9170
4648
4363
12407
9561
13753
906
12562
7721
9381
2442
6551
1340
6739
12125
10952
1006
4941
2990
2626
1483
10105
654
8381
6431
3612
12607
8059
4788
2052
6328
11431
2623
10748
13408
9297
8715
7206
9950
407
3811
12516
6936
1589
7786
3335
11914
14024
1477
9964
14178
727
2923
11708
8530
9267
8628
9426
4901
3249
7976
2531
7758
6414
4097
2017
8093
11906
7252
1808
13731
12704
5548
4453
7256
14685
8536
595
147
7791
3037
10048
8506
10608
3279
4959
1282
2747
300
14423
9593
6414
12809
9053
13042
8792
12577
1925
10658
6709
8947
14959
11633
2264
1628
2832
6442
2680
10638
6101
11638
10910
1751
4655
13541
1598
8828
11980
4047
2140
10839
8082
899
4793
222
3698
10294
814
6207
930
694
352
4817
5195
1239
8989
7676
13972
422
981
1684
11967
11100
4757
5610
2467
8669
9360
6396
12185
12929
95
9333
6867
11459
267
9464
11914
2432
1287
13361
8167
13450
14123
10261
13884
7174
14967
707
13947
2475
10709
347
8671
10821
7267
10070
6379
13928
8039
13885
13360
12768
11979
4031
922
5192
14891
3094
1445
2810
9508
6041
2524
3223
648
10151
226
7263
14383
7970
9741
1002
14856
306
9527
6288
1864
1980
7967
9479
5346
9210
3887
9907
14721
5644
4607
4443
10362
1984
3939
6818
10796
3710
8800
498
3796
13743
6253
6368
9141
3104
10856
1756
11053
1857
8446
2263
2998
651
10790
5066
4706
4128
4448
14428
13504
1277
14266
6676
5247
4782
2804
10816
9264
7761
9317
2582
13778
2534
6829
4785
7704
4445
477
3375
2109
7536
4403
13936
4442
1787
394
3321
6415
5945
6858
12913
2305
10497
2692
11707
13827
11217
12584
12134
4512
10977
2306
14666
8207
4099
2419
2620
1792
25
10468
6851
14935
11496
6976
14076
7695
788
5466
14763
7640
2509
2461
10683
587
11496
9123
3936
8949
1560
5120
5139
5467
11374
751
2061
9342
2094
13549
10407
1919
14269
213
6066
6620
10128
3572
13115
3043
7751
2750
1729
1262
9978
13737
14026
1607
5466
9784
13954
1406
11627
1154
166
1546
1128
781
7432
2381
184
11348
5724
14082
14064
10545
12250
14427
6441
1663
6292
9030
14699
6599
14979
13728
12826
5461
11270
5181
12224
2348
6403
7166
6083
424
14056
13188
8808
3810
6331
6092
3112
7545
9345
3076
2690
8206
11757
9725
11218
9857
2049
5761
2281
6651
12089
9967
6068
779
1174
3844
9049
5933
1577
764
14599
9336
4617
1858
10981
12167
6662
10492
13934
3930
9086
251
892
4694
8289
11289
787
9058
12560
13828
6911
11227
6291
6242
10265
667
75
11693
149
9413
9893
217
5159
3828
11160
5043
2840
10164
6449
6397
1251
12897
3197
14679
14109
8487
13438
10304
324
3002
2042
9846
8631
5095
10401
8994
2055
8395
14205
5543
11125
2570
8582
2644
6828
3202
4503
4024
12039
3562
8835
13102
4206
6901
4733
11457
3637
11211
13918
12594
4478
8793
7911
6991
14409
2776
2890
12070
1392
1140
1836
4307
10040
2174
6070
7574
11445
1828
4196
8337
396
10103
4317
14008
3023
1765
9949
10009
13773
7009
13791
14158
5048
832
14087
1697
907
7468
6815
6191
468
606
5512
7384
9654
1440
4827
1943
11930
7441
3528
13541
13887
3444
9048
7154
3471
611
6606
4710
7972
11472
7243
2333
13843
2421
8226
882
1719
1589
5352
2253
858
11866
5976
12431
11352
11103
5751
11789
11748
73
2291
1220
13718
1994
8761
10757
4093
7694
1200
2033
3850
13874
11344
7934
5445
857
14487
3026
2365
4001
7333
8023
9146
54
2710
5896
6748
4509
9320
1635
7137
3124
1245
13983
12491
3376
6547
440
10049
14566
3963
1169
3720
470
9983
8114
3288
2341
767
7634
291
3322
637
3678
2996
907
4464
5250
11621
8057
6134
14567
956
58
10422
5462
7502
11661
3917
3164
13739
8379
4398
2335
9589
14500
471
200
14116
367
1466
233
4875
4079
4338
1801
12849
12994
5959
1758
8672
4059
9683
11618
1066
2707
10821
5313
5205
4603
14198
2137
8644
14117
7979
12307
2625
10116
12474
11161
4679
7337
9720
9609
10189
7783
4322
14617
10224
12713
11187
12171
4767
14043
269
13459
10877
4663
4947
1982
11754
4705
10839
8598
4323
4596
8912
6116
388
1222
238
7605
5579
14641
1865
5567
1695
12932
9366
11757
7185
2066
10107
9266
12001
5985
4390
10403
10412
8958
1808
9408
228
13687
7944
5036
3113
8232
10678
2050
1207
5402
6436
3547
12960
2577
1812
6709
91
1165
598
4726
14108
5884
11416
2378
1095
10381
356
10169
11935
384
8612
317
3404
6949
4201
13042
5661
1274
2724
7190
7033
7224
7788
3179
740
1504
11138
14891
2464
7178
14802
10204
6914
11831
315
14100
7999
8104
1599
5118
13791
9869
2375
5693
449
14107
6185
8849
10927
568
8236
2408
13978
472
12206
2031
3921
1846
13459
5760
5599
1043
7809
2278
2067
12634
13506
5279
12291
312
14441
5018
403
7870
544
5849
227
1761
5058
3864
10647
7491
14669
3527
8387
12611
6650
6340
10814
10163
8359
13221
438
9816
8876
6373
4877
14391
1430
556
11011
4078
14785
4276
3436
10977
14841
1049
8530
191
2634
6368
12638
12324
10446
14004
12995
8087
3735
1453
5276
2542
1926
12202
4856
305
7379
1392
13434
13261
2726
7827
13126
691
4190
14708
3936
10848
720
884
3615
9429
314
12049
8027
7641
2728
6710
2467
5566
8966
7888
14474
3977
6751
8654
11954
230
4510
5344
3601
3772
13612
8779
6764
1189
1569
3
2961
6969
7374
7667
12361
419
7386
4002
13486
11620
7947
11614
1697
12390
6895
805
1120
6220
3628
89
3462
4296
2653
8644
91
12748
7966
1125
285
2526
954
6793
12111
12198
498
5806
4113
3857
8257
12731
11232
8035
13502
9172
6439
5657
13266
12237
13470
4925
387
3973
5803
13653
10472
13581
10926
5381
1709
13600
138
10868
13729
813
1832
11685
12294
14659
5141
11888
4689
78
14560
12960
10531
13631
2677
11141
10639
4392
10861
10277
3061
2095
12329
11438
5054
386
4140
11928
11729
13197
11305
14369
11397
12976
4814
1184
10392
149
8647
5334
3560
4128
11774
13602
2208
7496
553
3836
4461
4653
8172
3596
14721
7274
1089
14468
1376
6164
11613
10475
13650
12931
9629
10396
584
13834
3128
2046
10001
6986
1991
9773
4639
3772
12794
11697
14374
7062
9909
717
5301
1740
828
13498
3873
579
4290
3773
5694
7659
13000
7479
7367
14611
643
14996
13568
3578
13855
13455
3993
12603
2227
14995
10046
6375
2549
12884
445
11882
1976
4671
13848
7319
3099
6968
1595
3573
6068
5139
992
1790
1269
14461
11513
3301
1813
8435
1678
2576
4618
6891
48
991
8341
11706
6485
10644
14815
4565
11501
10299
7683
8876
371
14924
1499
1052
13865
7678
8024
261
3765
118
468
5771
12920
12856
298
728
4666
10301
6889
14970
6814
14399
1245
5360
11851
5457
10606
10811
8429
3914
421
1883
3033
8267
1388
5632
1465
6502
381
586
1703
11074
9654
8595
13228
389
12955
2803
1867
4169
12148
372
1138
11634
9313
7863
5321
12102
2556
4686
13087
13118
7742
4764
10649
12933
3668
13954
1147
214
8595
708
12076
3267
1730
3483
9509
1803
12495
7572
10507
699
12956
14145
7445
4225
1779
13102
32
3741
8304
10926
529
11560
3590
12271
8850
11913
4789
6564
8401
10542
4515
506
45
7712
2376
3285
8107
6259
12398
14395
5160
12124
12416
14097
12823
10259
874
877
397
3707
7106
8796
8388
1144
12142
1140
3389
2840
2278
7373
753
1397
4683
772
2586
4530
5585
1448
6869
3940
12000
4616
10523
9243
14713
9708
13632
3849
2455
7972
6491
2210
10459
5926
9728
10869
3965
14556
7906
6290
4208
356
8397
14324
10342
2050
635
11785
6427
4787
4612
3823
870
8259
11412
801
1805
9986
504
2363
7609
10923
14041
12402
938
13
11348
11920
12092
12149
11161
1406
11426
10091
1331
282
1889
5796
8639
14412
4985
4648
6656
10372
10503
10101
12762
718
13966
4540
4502
6424
8816
14410
10054
6003
4432
11586
2090
14808
945
10536
4265
10813
13628
8985
7756
96
13886
10450
12239
14756
2416
5742
7057
4610
1020
10828
6863
14249
14780
11344
8732
13752
13252
5097
499
980
139
2307
13992
13302
12414
2782
13452
3470
8287
7278
5143
14542
8356
11436
11659
14800
962
8381
6375
13585
539
8114
11657
9594
8374
5672
32
9253
7254
14400
12624
1101
5037
5601
13367
2193
7547
6165
7304
1282
8953
10810
1934
8723
1483
5090
12243
6705
7870
2941
6137
12066
10806
11613
14673
11827
14956
626
11211
2157
12389
14647
14869
8615
4414
13797
9727
10066
7086
2182
12830
5257
4189
12717
839
5999
11916
2500
12223
6734
1469
2630
2144
1917
6029
4662
5791
3425
14742
10448
9348
2720
6082
2383
2490
2106
2404
3750
12391
992
8169
11546
3318
9346
4168
7271
5539
12987
1926
6203
12183
9096
629
1256
3397
7721
2342
9814
547
14279
4028
3904
4725
1687
987
13366
11398
869
2617
1219
8345
5605
13164
10880
1016
4373
11844
8808
11218
7327
14018
10181
58
4870
7537
459
3701
623
7275
13836
1829
13915
12959
10900
7428
8593
3922
5341
2090
537
3044
1494
2147
5022
829
12095
7219
10803
7944
9497
14028
3218
7086
5404
1673
14777
7686
9712
10067
7255
6355
9943
2644
1501
11151
867
5210
9535
6399
2501
183
1917
6686
7694
3254
1925
9622
10249
1112
9276
7044
12104
1624
13117
14724
4286
204
4713
12118
4085
470
808
967
6105
10585
11382
2066
4373
631
10561
9088
2716
11946
10994
2622
11843
11466
12250
12159
149
14767
10071
1497
6694
3704
14968
4684
13461
1715
12445
12416
8715
9925
9962
12726
11201
1668
14773
5250
14818
12219
14814
12359
6380
10470
10087
5476
2725
4247
5188
13518
10283
2072
5341
2502
2236
12626
8274
9948
1007
2389
5918
1244
14339
2185
9958
9640
1095
14261
12532
254
666
2238
391
7972
12028
9498
4461
13185
12492
1100
1492
12941
8891
8107
7414
8499
7224
2791
8563
7126
4222
12996
9947
14579
1755
14202
1524
4414
3099
8547
10688
479
13213
8919
2483
10685
5715
7357
14020
1459
6128
4731
2402
3827
12893
14767
1025
9545
10756
103
14620
5289
12385
4422
6757
636
669
2200
1411
12214
11509
3136
14916
6563
9355
10303
1235
6116
4411
10264
1075
7093
6985
14882
12949
12041
3425
6302
12782
703
294
10897
14021
4902
3456
5980
10979
7015
2008
6674
5700
4067
12069
3986
525
10765
1588
12630
1119
112
12603
2323
12043
5188
7943
14498
9189
373
839
7614
8934
5349
7832
8551
7597
11660
9610
11030
4118
11325
8907
6322
3190
1226
14739
4410
2470
882
10240
8108
7630
4914
155
6686
14051
11394
250
10795
13203
13009
1935
3728
8673
5708
6497
2943
14973
7651
9
5820
5622
4484
728
13574
13706
9645
3159
8376
3645
2492
12935
3753
3984
5225
4987
5464
13332
6902
754
11956
327
6597
12729
9252
13062
4011
4481
2154
9028
1892
7492
2253
1810
5727
11270
5135
864
6131
5722
1668
11050
18
666
2012
12726
9909
3163
2051
3525
1216
13600
2671
12456
9712
6222
1681
5038
3570
2808
8536
8667
3093
1883
9050
3107
2595
8325
6445
7071
8260
34
7957
4094
12892
5023
14606
6888
9758
499
1029
13447
4921
11298
4130
11975
90
6860
5865
5480
473
870
10409
3818
4664
7223
12819
6184
8178
5821
1679
7455
4465
6848
13804
6825
1627
2664
11992
8293
7493
955
1031
3250
6376
1426
8494
7292
163
12772
9538
2141
6889
355
5364
5968
3637
3462
2520
8514
1107
13286
8751
13705
641
9973
5354
3466
46
5307
1127
12558
8297
1547
1881
3797
4485
7694
2195
10606
2060
6839
5557
180
3297
10783
9730
1557
5043
5841
10537
3280
6095
12544
4307
8533
2380
3591
6636
7882
7517
13578
2174
8018
5979
204
9682
12824
14233
5576
2633
5141
1532
8387
1362
4398
7954
12810
8036
4122
2538
12744
534
13307
13397
13787
7036
5674
9435
14408
1805
808
3953
12627
2332
4570
11809
13532
1732
12708
1147
1679
943
5146
2331
962
48
9771
7427
4388
14615
7687
1706
4540
12366
10522
6045
14503
1058
2121
717
10039
10132
10389
345
10440
7536
902
3989
12892
12141
3233
6835
10442
9766
5357
11834
1787
1529
2610
4364
6301
12006
4531
1132
811
7706
4798
919
13317
6997
10890
14834
5619
2704
12712
461
1136
9691
3421
2647
8861
13446
1591
146
6371
6014
9837
7111
10069
6907
12708
11957
7702
1480
8495
255
3127
1114
5647
10444
13915
12516
3788
91
2198
14570
2434
9149
11131
7205
12863
9837
3461
2231
9612
4310
4569
7031
3139
9933
7002
14103
1192
3407
2805
8580
1674
13211
13966
38
7220
9819
10050
713
13647
6719
10039
9290
2691
9034
14673
4990
10454
9545
5166
3504
13771
2570
740
14969
838
6225
7457
8389
9367
6297
8659
2587
9421
8833
26
14277
3310
8092
8843
11722
8788
4110
6390
14384
722
1588
14378
8925
8439
9915
1663
11856
178
3707
13420
9644
7303
11613
5522
693
408
8219
5145
13749
6416
12880
5522
5449
10652
7088
7476
8880
11859
3584
4947
9188
13408
8289
2926
1396
7861
9321
10391
14768
10657
5355
673
3447
10157
5880
4501
4294
8204
7310
509
6586
2290
272
581
14128
4551
6942
1503
9794
10995
1158
13622
8157
2804
9467
10829
1289
8013
9765
1936
2073
12834
12921
5003
4203
13049
13507
1914
10362
10211
2785
8065
6586
3772
8393
4013
14939
3790
6102
3770
5810
7589
4775
1775
868
2839
5457
4199
1229
14754
710
3865
13721
2810
126
2906
14008
8419
10901
1729
6879
6828
4404
3956
740
7541
6020
12681
5394
6258
10793
7727
4238
12360
1540
7982
2553
10384
443
1980
9808
8890
10781
1266
4784
795
8464
2014
5926
1962
1398
14362
7486
13096
8008
2157
12545
4606
6625
1057
5893
12251
1086
2421
9432
1517
13787
5035
7492
13648
3618
948
14890
1093
8297
1835
13224
2173
11049
24
7292
3167
262
4982
942
1462
14444
12246
3697
14230
8374
8901
3651
6704
9829
14732
8942
9524
1943
7711
8389
6014
789
8480
8074
4221
738
3556
13815
11432
1001
7998
1412
2009
1918
5203
11129
1246
10640
6630
10700
8934
3597
1885
2077
9730
5414
1604
14592
2404
14965
1696
299
1043
541
4246
2465
13223
816
10861
6990
13771
14750
9298
8092
10025
3253
5322
13741
4714
11836
13317
5490
12797
11549
2665
10859
5544
5082
5581
6408
4437
12671
14663
7864
9167
1464
14056
6599
773
4332
1862
13301
3494
12042
650
8645
4238
13083
7620
668
10464
13817
2611
2043
12620
3414
881
8109
1307
3848
4807
6453
13697
14572
8501
6378
10457
11536
6012
1588
6103
85
14424
7884
7314
10933
11080
12583
1001
1617
11359
2844
12808
7910
416
9766
4531
10073
14318
7059
13282
7273
258
7758
8741
7108
14312
6258
2394
10972
6588
11744
9469
3803
89
9299
6583
7253
7978
11458
9386
4294
1717
4629
12395
4292
3772
5108
12913
14333
510
8293
5678
4228
10206
7092
4692
9184
6882
5271
2633
1605
2319
5115
1614
10375
6850
153
2828
12916
14338
12789
12256
178
5852
4969
5585
378
9247
1021
407
8163
6746
14746
2342
2433
9059
10495
12155
1095
8514
3539
2399
2506
5340
1252
7074
8848
10220
6480
12218
8146
10447
601
8499
798
142
7926
12841
200
9010
8657
8444
993
691
4475
3459
9080
6289
9974
3301
5065
9655
9068
11931
3827
2853
5676
9178
5735
1621
8894
24
10941
4960
2119
13029
2377
2946
10454
12036
566
5827
671
1713
5881
12527
13960
10461
7978
4201
1275
5784
782
507
4988
9502
14569
13193
8715
1742
1706
11695
8131
2231
7615
11599
2140
14547
4763
768
11855
13449
8829
7531
1225
8693
11115
3888
10961
1115
11246
3465
1644
8820
4327
4949
9545
1864
971
6456
8361
2909
14899
8064
585
3926
559
6915
8131
9480
804
400
13786
12001
652
2555
10981
13889
1909
2853
6661
12830
3244
4283
2066
14882
1475
4381
10571
7640
5353
1642
14645
5776
7073
7034
6695
13142
2710
13596
6827
6346
14205
6778
10790
2251
12779
2161
1572
61
12105
1717
14598
13189
7717
10757
29
6930
4931
8347
3788
95
11115
2279
8569
534
5221
6892
324
14247
4779
6090
3699
3617
13901
12358
2533
1704
11963
983
5597
13760
8542
4762
8426
2185
8416
8753
14525
10019
12094
8375
10570
14900
3898
799
7635
12328
12726
12373
2689
14552
13558
4981
13492
11862
7989
7740
3261
4200
1571
5412
13234
7027
9453
4947
11922
6681
14637
3037
2746
11926
14524
7977
1343
9600
8725
6930
5852
629
2668
10199
7358
3242
4151
11453
4150
1601
1492
3812
13415
8754
2211
10743
4554
1229
2765
7216
6214
10950
9525
3443
6155
4218
12941
2113
2185
12450
10629
5464
964
10398
2288
3001
787
7444
4439
11219
10121
9913
1898
9606
6947
1790
5571
2338
4436
991
12798
5193
10318
13904
11231
9866
9953
6720
13298
1655
11529
10275
5184
9562
3914
3155
1825
13699
4551
3391
1149
3357
125
14902
5319
3906
6769
2141
7188
6156
8729
3656
6336
4486
601
4630
11755
2802
3076
816
12938
10532
8462
611
4048
12982
10456
13675
1839
589
9812
14722
1017
316
13313
10698
10332
1944
2609
4975
2070
5453
2017
3665
9860
7687
3552
14088
10873
3346
10964
8377
8902
814
13890
10633
2189
9013
14540
14991
13658
11719
616
4718
11860
14073
13646
7450
9672
13169
7082
1172
9607
11853
5387
5945
11241
532
5779
12880
6674
7660
2793
7299
7388
11022
11603
1621
5117
9848
1623
13926
10003
2121
13900
1835
9805
9970
8284
13569
13539
8475
5157
14018
9201
2580
1433
1449
13048
4045
14010
9547
10557
10271
14242
12040
14294
7197
5514
32
11122
14973
5897
3329
8289
2740
8416
1400
8756
6185
13659
8485
8526
12976
4690
10372
5795
14386
945
14921
14776
10162
7325
3972
14467
5236
6960
2541
2444
4057
4655
7498
7340
1710
8058
4303
2324
2038
1339
3917
8698
1492
14403
8190
13688
998
13121
568
10950
12927
14524
6592
12849
5036
2692
6745
8659
5513
9099
4773
4356
7772
5410
4754
6449
5746
10305
14513
8917
13856
12199
6763
5158
9197
4419
9165
6705
13319
3546
6814
5696
11155
434
3255
619
1801
4430
7562
8933
11359
7547
6261
13944
3724
14818
7713
13907
7832
13040
12110
731
91
12338
9722
6976
4275
14117
11682
3258
466
8644
5960
10451
2622
3979
14957
1135
2275
9748
1296
14401
862
13464
2256
9815
7051
3969
1927
9018
8786
10933
6271
12895
8013
4293
14985
3537
3462
12103
11500
10418
1110
11753
4491
5639
945
1967
7771
1604
5256
438
6923
7488
10478
6210
9564
274
1032
2373
2587
6092
10559
2393
9964
2463
184
2416
3849
12536
12398
9026
13708
2185
11445
8023
14074
14995
5874
14405
11560
3930
994
13948
6362
13929
3960
4416
1017
16
1467
14663
12293
11059
2399
7332
7180
1189
74
13947
1090
4981
3482
1501
3881
9488
1342
3262
13242
12799
1690
10574
3909
1410
3951
12309
13942
4468
3426
451
7705
1737
10068
55
3286
2086
1922
1629
12936
2216
7605
6245
5051
4656
13020
4882
13620
2949
12657
5632
12942
7179
13274
8490
4498
10339
10577
7675
5326
1466
8830
2651
1737
13990
13299
12884
750
3422
14040
438
7735
13385
10216
9023
9788
9194
1843
11023
3317
10123
926
1180
14292
11272
3872
14905
13494
101
463
5084
11891
2290
7418
1392
4019
21
1304
10376
668
10393
12033
2109
8642
14999
11259
12114
694
9002
9688
517
6619
7719
8669
5537
9748
6524
1798
13074
11553
13616
6257
11929
14116
2620
5344
249
3711
545
6211
12105
3041
8338
7013
2035
3745
3218
11069
13236
1105
5033
817
2692
13198
2147
9854
12224
2479
8234
963
4991
6429
14125
10982
13490
426
1985
8287
6536
5997
2663
9364
536
8668
1438
156
11576
12155
14971
13664
12461
6764
14317
10095
11148
1519
14510
2665
2113
7525
3935
9807
11382
13591
5635
12416
6863
10581
4920
2527
12371
4851
10945
8019
2717
14062
4423
6007
827
704
13040
7811
12215
4752
4433
7986
2685
8302
9536
9503
8964
9565
13
13441
11712
4538
10779
14782
5335
5052
2041
2711
2539
7508
6350
1952
11351
12607
9796
14172
3622
11089
7676
3726
7808
10629
1266
2787
8374
11290
2186
1982
11656
10688
13395
11507
9717
5092
9652
4288
1243
1183
3972
13553
1096
7222
2302
12388
3728
12326
11141
7092
5831
14958
6052
305
14673
13522
14018
7856
3024
4252
1579
399
887
389
14322
2012
10101
1029
6510
823
12579
960
12954
12060
11369
1042
3618
1461
7254
8651
12587
7808
6527
2750
12274
13965
2826
13271
11896
4923
12947
14747
1532
12571
1311
7269
10809
260
9071
2454
5305
6257
2455
6004
9002
9144
2120
8735
5345
8829
14994
2192
4341
4958
8518
1466
12373
2032
707
6589
12956
13546
2655
5824
5019
11688
11097
13408
11952
4923
3805
12191
1382
13911
5799
8118
445
3013
1915
2165
6155
5594
14060
2658
14387
4480
6116
13057
1541
3283
6340
4828
3567
10583
5932
7091
14714
6232
14605
1685
10159
7505
749
159
13084
8553
1499
1508
6154
2475
7523
8686
7185
11542
7756
9940
6254
10677
2904
3804
7435
1783
2332
6747
7871
1256
3065
1411
9681
8361
10779
1228
8383
10111
10088
1231
11843
4704
1954
1718
13313
9171
7216
11672
3730
1207
11202
5795
10085
2916
668
1011
9638
6970
2485
1283
3327
4159
5312
14905
1446
9453
3682
14734
2351
2139
12973
11838
9860
5562
5757
5005
4650
2571
5234
7755
8550
12807
2405
9930
10496
1167
4926
12469
9126
805
14645
13707
10700
4643
3199
5252
1235
4563
8035
7843
9408
13590
2598
14437
5190
8545
13852
7265
8974
14980
2856
128
10798
6541
6726
6151
1487
5997
6007
4762
9340
13929
12316
2236
4072
6964
455
3389
14431
6267
2606
3066
6904
12833
12585
4739
3889
5283
14535
13497
2868
14303
2332
2471
14321
6289
12413
13442
6531
8038
1903
11036
7879
8429
1356
2493
10298
2674
10079
11275
7811
820
9587
13092
505
530
13599
12249
638
8858
13453
6646
8996
6274
6876
5023
4895
5683
12834
2661
1251
2986
2645
9384
4807
8912
10508
14207
83
11693
3809
1895
13382
8160
5754
2481
6419
5714
7272
7495
2044
11565
14680
14295
12799
1695
1745
8512
10224
2035
940
12605
2976
5441
4235
2233
3813
8132
8099
12282
6370
8469
4883
3720
80
2974
5770
13199
2468
2482
1740
1492
7715
2683
1334
901
796
12500
394
5228
9941
4641
7573
13412
8417
11763
11943
2492
1584
13592
346
4029
11487
1354
4743
87
465
1934
11653
14625
8182
2761
8875
2352
348
5174
14960
13863
2819
5155
10553
12944
10605
11477
8691
13162
4294
4448
2010
14636
7896
6476
1353
11401
2
3764
9635
3748
12866
2089
3305
3005
10241
14078
2052
2604
638
6213
6686
4686
8709
7259
10916
5463
3473
2503
375
1807
8407
3824
11644
11391
1062
488
4272
10989
5332
1411
3471
9550
6466
5773
5215
300
331
6795
617
176
2905
4960
10528
2282
14921
939
1684
10911
6728
9127
13825
7241
1333
2516
2860
8741
2480
4708
3446
9026
8668
13912
2741
10598
10146
6771
7527
14269
7918
6871
416
4644
6701
7023
2853
13506
5151
2229
4561
2368
14946
14741
4825
6467
263
12050
8108
11464
6017
736
7805
1919
4514
409
1595
1019
10248
2547
2736
6153
11849
12562
6569
13214
2971
6690
10150
3782
14712
14456
12219
1707
12935
6418
2582
6123
4093
10715
11874
13125
7998
9388
1395
12949
687
8415
8995
430
11742
14782
12924
9063
5445
8260
4630
13049
12354
769
1259
9248
8922
3780
11602
10128
4128
13212
353
5794
11640
7936
9079
14
11145
10160
617
7803
3314
507
2099
7774
9828
4906
10825
10752
873
10653
7190
12867
7419
1980
3444
5677
14184
6961
2853
3782
14956
13397
2051
1935
3423
3199
9451
12747
12337
3996
2527
2347
11299
12627
9571
5252
8864
10265
4296
1379
11381
2029
12808
1877
2660
5028
8017
10720
10207
8591
13158
13150
475
1155
7242
5643
11578
9362
5918
196
13686
9360
3764
6546
6859
8017
3813
552
7372
7953
3545
745
4689
5276
14317
5846
12272
11063
1946
14431
14481
1094
7899
1431
2670
5960
6774
421
3786
11576
679
11720
8697
629
6090
2778
6057
8284
8728
13457
3568
5980
8899
1058
5670
3346
2749
6566
9068
3222
1782
12042
12805
2494
6733
13386
5988
13194
7689
2182
502
5592
6368
1007
5569
6393
4151
11363
12197
10099
9723
5935
13130
14872
10808
9165
8667
4791
5640
11319
3866
13322
10270
7890
7059
5880
283
2030
6805
14691
1609
11477
13798
12764
8191
10002
9430
7230
9948
11188
2432
8504
5407
12051
7596
1071
2070
4323
14640
10996
2565
1175
1641
10161
3666
11487
9668
2706
6215
1940
7889
14266
279
13499
10219
14507
1789
3905
7337
5162
10601
9622
12225
834
3660
1357
8733
3000
10606
13195
2326
1175
13534
5998
10993
1757
7186
4752
10831
1725
4855
13180
14473
12719
2795
10848
7924
2837
7073
8939
10505
8663
10582
5369
4280
10025
3866
4428
5238
5531
14992
11550
3236
7377
5057
6141
6291
12037
12861
11478
1828
10058
9108
6837
10949
11762
3909
5763
2849
7602
2693
12889
2614
5419
7250
2308
13453
9613
6376
10633
12734
5520
5620
13099
13267
12251
12919
3515
7757
10216
2845
12864
2252
9887
9542
23
11403
10091
12957
5660
9778
6482
10495
11258
9273
12872
318
9495
11305
8198
3047
10364
8237
6271
13537
13427
553
6276
11104
13289
10850
8656
14944
4751
12238
8998
11533
13644
9085
3386
2162
14829
736
2757
9905
6111
2481
1605
155
12323
8779
12748
1704
4500
1228
2536
9377
13294
3776
2763
635
3887
2415
1700
6015
5922
12466
8006
3657
6857
14706
3239
6101
7195
8826
2003
3009
535
13934
1954
13943
1360
9596
2527
7209
481
881
13283
1658
10331
10999
10626
10738
10292
1766
13444
6338
11498
11929
358
13761
2617
370
8762
4470
6865
11001
1468
3935
8107
2793
5703
8986
5117
10251
168
7626
4005
10534
6696
4021
4578
6991
11072
4907
2977
4606
3360
6313
6775
5698
5104
10662
4362
12878
2211
12085
7581
1451
4625
12781
6731
9608
1620
11014
10675
13856
6133
293
9557
9915
7943
2457
13485
903
13676
7607
3973
6336
11208
8155
9456
8853
1355
11912
9860
5957
13362
3882
14959
5450
6616
6146
14798
11862
9385
9801
826
10763
8183
10744
9883
1751
873
5848
6369
9663
8616
4806
801
2051
2660
12505
4117
10323
8823
2103
6832
8032
12904
4916
12560
1582
4882
12133
6725
4496
6198
5780
232
10173
12983
1557
10983
7394
8548
7656
2729
744
3363
1208
12005
13775
372
4587
13280
6810
12820
3491
10094
8917
1275
365
8048
14509
7464
12047
2951
3848
2939
1735
432
1829
8955
8506
13185
5660
481
9235
6699
14928
3757
10788
2688
7156
8984
4745
8566
11101
954
13675
14949
894
364
2219
14262
8369
232
11464
12709
10949
1936
11106
6440
1019
3429
4408
6768
2294
8705
4823
7055
1314
5702
723
11210
3611
1280
8443
9010
10985
1433
2384
14958
403
11276
11431
1451
4450
4124
7464
10718
11527
2501
11381
9073
6344
8795
8046
9108
6663
627
476
9982
9539
3470
4693
14189
10411
12565
4033
6050
872
13601
4690
7472
5810
6026
8001
8966
11278
13979
862
11027
12703
10395
5703
12626
14715
9743
9174
302
8903
6174
676
6304
325
8630
5650
7030
10060
9589
9450
5766
10177
3562
6097
11404
2949
6917
7048
9104
5695
3628
5675
2635
6292
13360
5106
12732
3588
9864
6814
12006
2775
1724
9486
4252
14399
13348
14746
13400
3687
7786
2751
4415
9396
1324
1381
5617
1812
7167
4349
1032
13389
10809
2960
1639
1574
54
5204
10198
11499
12278
3727
11363
8965
2868
6089
14466
3569
5393
4637
752
419
10106
2648
7357
9570
3656
13517
8304
1013
11975
13033
1327
5054
3321
10275
4623
11454
6651
9501
11009
4225
704
6409
2078
5628
13877
2022
11692
13492
10366
2250
337
13008
2647
12437
10127
5050
11228
2523
3145
12706
221
810
1741
9700
4564
10612
6426
6299
10241
6087
12484
1926
5000
628
10574
7305
8777
7245
8616
14295
1697
2714
3353
6135
1255
10533
7902
732
14778
1613
13147
2130
7768
3280
12593
12414
10234
14005
5681
13405
2663
8705
7656
2536
6781
12583
372
13238
10271
10765
2566
9954
116
7661
13096
9711
996
7706
13265
12057
12872
13812
3502
2526
4698
6701
452
6061
2163
1452
4811
9229
9436
682
13661
9001
1031
5516
2711
7362
5279
12248
2743
5526
3021
763
1119
40
3381
13146
5673
13312
9144
4808
2036
221
12538
9143
10453
14583
9479
8226
4497
2690
5298
8771
5042
880
11102
6401
7624
10006
10473
13708
11290
11074
7342
588
9462
7587
1370
94
2525
1561
8360
96
5986
12847
2033
1568
5677
9703
14678
7800
3675
6332
4200
6004
3752
13277
2643
951
3399
1729
10669
10050
9457
4974
69
1047
11724
5279
12138
12446
3094
11645
2586
2838
9691
5588
909
7286
8843
9218
5320
683
5072
7931
2078
14373
4150
14073
6364
5846
2651
8947
5436
13530
13665
14451
2100
6485
12530
10740
2079
6450
3524
10019
12253
6536
5741
2165
5039
266
12312
11474
6798
590
208
7192
10780
2149
237
2227
14650
7573
5181
8844
788
11524
7212
11736
6626
12750
14759
218
12336
9009
10670
915
12321
9591
2752
12153
583
8523
8083
13126
12870
503
6092
10210
11906
13798
10116
2244
13878
286
7884
9461
2494
8760
11338
12373
11903
4426
7316
12426
4429
11076
4956
11342
11654
10211
7597
2592
1846
1267
11101
3606
4593
6608
13524
7778
8504
598
5372
4170
6558
5175
5913
6301
11698
2853
11386
218
2323
5369
12897
8003
2399
2027
10288
12155
6412
7571
940
219
13418
7288
12646
6195
6392
9895
11559
8151
10070
11718
8924
1903
3035
2169
10443
6796
2065
11540
12877
2440
9574
7634
7453
4518
9500
3590
14671
11986
3355
1817
6700
2625
8036
499
9173
6948
2753
14557
10814
8209
5316
11446
1102
12115
6486
4932
13139
307
4241
7141
435
14518
3712
12551
12960
1465
2669
12613
2988
5547
2075
7899
7590
5938
421
14396
2315
5233
3766
10753
2392
7296
12707
11421
175
14252
12918
863
14993
353
2020
5400
2163
9709
2089
7414
7419
10270
13058
10528
3597
13095
12764
3434
2345
4375
11739
5899
2807
13731
12350
3453
13958
1685
1081
1173
753
3844
11170
1636
12484
7918
8945
1109
4733
4580
8193
6560
2622
12053
8804
4422
3426
5429
142
8078
5726
12383
2912
9279
11562
7897
9256
8055
3128
11807
7335
5348
2620
10266
684
14353
5884
3147
2775
5251
2763
1779
12808
4757
5848
9324
6721
3736
12348
11661
13369
223
12980
5802
10771
13394
11364
14803
13070
7000
2381
12790
6510
411
10735
2367
963
13159
8723
10879
9952
7860
2738
8962
2319
6044
938
7061
5611
10798
7107
11448
2830
9764
13684
10705
11900
14986
7940
993
5207
10928
6917
9459
628
9018
6395
610
14879
8702
5550
2346
11667
9622
13556
10402
940
5966
14988
4400
10720
12520
14622
525
579
2030
5134
14555
13794
3688
1122
2396
13219
6983
730
13029
931
5641
8840
3235
5368
9830
2480
8476
5024
13578
4289
10378
13489
1036
1117
2939
9282
3701
13686
173
8201
4926
6185
13976
11471
13716
8151
12179
1418
6581
8297
4412
12874
14871
9717
9563
3198
1894
13343
2662
1879
655
13113
14250
2076
12036
3469
7904
4440
11495
498
14982
10649
14553
6718
10824
858
12173
3675
12359
7484
7105
661
9217
12824
9189
9778
11688
4737
12288
13531
12455
5536
14135
8379
2387
7719
10182
7213
14751
1857
10940
3667
9554
706
12986
9868
1116
2099
1285
12517
7727
7465
6908
12652
2211
12439
11196
14952
21
14185
1066
6693
11800
10747
9648
3079
9540
10960
14268
13541
10326
10879
9429
9208
104
11755
6568
4796
2259
7858
12858
3070
6923
9705
1382
11822
90
6518
13074
3575
11047
10806
325
269
7104
9248
10715
12614
12701
2945
5748
6900
13943
2297
4474
12242
7857
1710
10914
14453
6894
6176
14357
4973
5827
3148
1887
2284
1478
4613
14895
10854
14032
5000
897
14954
4471
14223
976
4256
4943
417
8120
11067
3537
6655
1475
13065
652
7386
4305
48
1820
2611
2830
6435
6936
14571
11287
1406
10232
7724
9621
2174
3783
6695
12349
9700
4165
304
14191
13220
4880
12952
3614
9769
12813
10409
2647
2148
5801
7895
12597
11044
765
3636
3748
840
5521
812
645
347
13295
8299
2026
14790
8956
11956
2987
12789
611
1875
8703
6059
14443
10189
8199
8295
13561
11999
5863
6299
12233
7948
12078
1234
2153
6011
6633
1747
7398
12616
835
755
5612
13538
13079
1135
3216
4141
13153
218
5696
9233
13514
2268
3869
5138
11578
724
12808
6849
14115
272
4419
5091
3308
7130
8033
1873
11659
4588
1696
7488
8159
13608
6286
13785
10028
12745
11842
9980
856
2318
10468
9656
14974
8752
13944
870
9961
6626
11735
6295
2747
6224
4607
4699
2814
11803
13452
876
6355
1668
11390
4066
962
12599
1349
1905
3545
6867
14586
1263
11144
6599
2904
14642
1788
14287
5995
8289
522
1590
13992
9194
14991
13190
8893
10516
9166
11582
2082
13590
1137
11003
13928
8288
787
5219
993
7208
6654
7086
585
2616
2800
3205
675
12133
548
4520
2431
3900
4710
538
11850
12544
3663
7072
6150
10815
1362
1050
10596
8101
6005
14713
11143
12225
11220
5514
5643
5455
10266
2697
6214
7030
1114
2233
613
14291
10198
8579
6202
4805
2709
5574
45
866
4466
2254
10793
7234
12675
11352
13753
13411
11615
9556
7106
7476
1275
2484
1578
8855
2111
1565
11697
12560
14572
14803
2015
259
10337
14161
807
3173
8439
897
242
7361
13225
13921
11087
14782
5112
11887
9313
7735
8206
12471
12505
1779
2545
12226
846
14366
13339
10033
7803
7328
3703
1362
7800
10092
4614
14138
819
14004
9555
13964
3800
14443
13116
10737
302
227
9955
3080
4197
14041
8907
12800
13037
5165
3750
13556
13584
7630
11918
10782
13610
7821
7771
2311
11120
8600
12869
6557
10824
131
219
7718
5703
10978
7435
469
24
9242
11682
1379
14483
11208
14198
8991
10477
11034
1722
4081
10159
13501
9242
9435
8209
11127
4240
7377
14288
12038
6758
13571
12021
12752
8325
2200
8936
581
10133
11062
8453
2561
1278
6487
13718
5102
2447
4669
14377
5618
957
202
5635
3285
13518
8489
10069
13862
12614
4545
13774
13110
8057
2507
5618
3133
5506
4634
2338
2779
14212
7331
5491
5986
8999
9669
11835
10802
14374
8634
8137
10213
12454
13806
3701
10805
10841
12848
7136
1546
5596
12823
5749
1504
4197
3102
8904
5368
14898
4339
517
6854
11094
1501
13196
1451
533
12676
3468
4836
3050
6021
10166
11715
8718
574
1044
5260
7428
12055
11737
1459
699
4474
3842
6124
9428
9196
4710
1387
3372
1124
1170
5765
9556
5435
8096
12654
1375
8821
712
180
7204
4911
12719
4852
1525
9977
7440
3372
14615
13063
5673
2553
5331
3322
10311
11786
3652
7572
1412
1484
4306
13588
7223
4456
2958
6174
565
9962
2455
1903
4288
12331
5148
13023
829
9952
10315
11976
1201
13308
1090
7463
10126
8308
2244
13680
12107
5826
1894
14655
8466
6021
9810
10820
3535
11551
852
2630
2061
5502
6739
11747
2378
7159
13082
4950
2838
7408
12104
10323
960
1916
660
4256
6290
2805
11853
10884
13646
6493
994
10972
13105
5421
12965
1235
1887
5426
1301
11122
11279
308
5932
4736
4560
13057
1790
10996
404
3210
12107
9793
8884
1332
10023
14849
901
7954
6616
6829
7969
1785
8447
2764
3641
3476
1123
970
5457
13137
9098
5378
764
9939
4938
5511
13410
4865
479
5032
12959
11184
1509
1187
12998
6300
13225
14755
7309
8501
2187
11668
5579
1151
9639
8142
11696
11810
7604
5488
10420
10956
8083
1000
1371
3323
8468
4200
2358
11640
7943
1643
3781
10752
1303
3560
1021
1852
14435
2429
8340
2556
14031
1040
1677
2720
4536
14859
13904
2111
2767
206
1576
14371
2216
3761
3964
2220
1668
258
10070
8884
7556
9516
6696
13636
678
12529
8137
6701
2405
3200
11202
5529
2508
4914
12853
7138
13227
13074
2976
4435
12405
404
8422
3086
3345
1312
6023
6222
6184
6398
6602
8551
13887
12515
536
2690
7565
4197
13154
6541
12078
2572
10341
13426
8322
3746
7629
13199
920
4820
5472
8902
14351
5777
12381
11022
1206
4243
7269
7753
10705
819
9472
7343
2783
11914
3515
8068
6395
693
12345
2981
12448
12920
1287
2857
7608
11783
4757
7213
12942
2841
2425
13464
14635
3654
6806
777
9582
14482
14037
9838
2119
1050
12594
5646
14054
3087
3323
13288
335
704
13909
150
13161
4029
13416
493
10239
11530
11611
6406
9743
11216
14250
14442
13561
1314
14743
9704
10682
11902
7672
2795
13282
2339
9576
827
6554
4354
12031
6936
1826
1176
5206
5854
8450
8090
574
13605
8127
1514
5265
521
1889
6434
3604
7682
171
7062
5634
3836
6834
6015
596
10849
1857
9260
11488
6165
7028
908
11184
427
9276
6770
8829
7119
435
11936
10459
12299
3616
1824
7486
4678
2301
2926
14757
7937
12239
8529
1919
3420
14950
3204
3547
12753
13710
4112
260
7462
2340
10349
6709
777
7061
7016
3225
12415
1892
14271
1846
4510
13858
13035
4203
12052
14019
6461
1455
2256
1278
1068
9124
7919
12061
2798
2269
625
8439
8517
13587
9197
14474
7684
6774
10602
3829
14162
2074
9432
1876
6742
13520
8774
6437
6748
11039
13965
2971
750
4594
517
5840
1591
10779
13783
857
996
4120
13883
14917
9588
22
10066
10534
9793
11164
4814
2499
11479
13217
609
2869
10637
10344
3691
5976
586
7778
13720
204
14146
7308
8202
12141
7497
11803
603
13608
8639
9238
3077
216
7692
580
213
2207
5966
6901
1693
13656
1032
14189
1530
12469
11349
494
11229
5300
966
3900
8837
816
11873
8815
11389
6205
4979
4581
1026
9939
8974
10535
1593
6215
12526
8205
2302
2374
5664
14859
12351
2692
13141
3918
12530
10629
4982
12154
7885
6505
12560
5814
517
6629
9330
1107
13456
2255
11252
2888
13078
7898
2658
7537
12341
10227
14273
10001
1605
12427
226
6454
7965
8199
6917
1564
10395
12420
11743
5125
4057
423
13831
1855
7478
7980
6557
10022
1146
8788
2324
5196
4534
4581
2219
2014
9371
13837
1374
10537
6451
7718
10626
11413
3077
5809
14728
14912
13892
8036
9249
6982
210
8854
8732
4520
4353
11396
6004
6410
11267
5269
6925
9674
12386
13275
13128
2349
7330
1827
1597
8540
11078
8183
3016
10008
2296
2121
9967
11977
469
5019
7523
13613
14104
5637
7774
13767
4990
7991
6988
12734
3994
7663
3109
8648
2306
8549
2193
9703
5394
6557
2661
11898
3943
3341
421
8055
295
1936
14818
14936
1790
3802
1230
13683
1868
10581
4726
8718
2454
6227
14008
5931
4569
8445
12188
3609
14719
13931
9704
3011
6643
5285
7150
964
487
13906
1041
12451
13416
9862
1952
7356
1504
7169
2442
11935
7996
14462
9379
13189
1791
12994
13430
2320
1063
1054
8731
1274
959
14229
1746
10057
13685
7842
4833
13017
2060
6868
12179
7867
4229
1475
1138
10805
4705
10792
7870
14193
1514
2328
5318
12386
14499
14226
14566
10997
7148
3201
1098
2525
4883
10443
5658
9169
9728
1723
9806
1730
304
7644
6852
12823
1972
1087
11559
5475
5170
12695
13867
13522
12580
5195
1615
8983
7984
6515
3065
1066
14329
799
13672
11865
8491
389
7342
4220
6348
7001
1652
1005
1
1770
9411
5848
5415
3978
2264
4023
14196
13253
6960
9601
10884
6118
13901
2580
2712
6575
2519
13784
1404
4032
11862
14566
11304
2002
646
161
5185
6412
14284
3372
153
4365
7153
14317
14461
5235
557
10496
13989
5732
549
9886
12249
1355
8296
1935
11753
3469
8927
12110
13846
14588
1563
14525
1520
1643
6291
4185
12944
9731
14334
6590
14511
8438
2013
7846
1309
13147
11461
1406
13742
3514
7676
5146
7563
5896
2481
506
11237
6380
9625
10621
3887
2354
768
333
6557
9720
5173
5634
4695
12704
14457
2580
506
9350
5032
10435
8761
6970
4329
10194
1864
7336
4323
11692
13314
1774
9624
908
2667
2381
2663
1667
12128
9260
2420
2510
277
14529
5059
8326
8343
5345
3869
4653
14788
13115
7962
6093
216
8000
6768
4459
442
10821
8346
14148
6053
8684
1684
10990
7835
8128
726
11450
9231
432
6024
3505
1298
12253
3894
2157
14625
5871
43
1353
3220
4797
11658
4371
1370
8500
5178
8729
13547
9947
4474
7682
2934
3900
2182
12223
4445
396
7841
11178
11998
13039
9340
12693
1915
1430
14261
10869
1571
14538
6475
8153
8114
654
7153
3670
11823
4472
11449
4997
12237
3040
379
6311
1709
7892
6822
13007
9417
14387
14278
369
3987
1913
1687
9146
871
714
12849
12680
13887
14802
12684
1915
8766
1524
118
10165
703
1186
11259
11646
13479
14085
12836
11290
5192
2637
8403
11975
3887
1579
11109
6857
5432
2229
7337
8328
8896
1114
2057
10190
3036
14391
3679
6969
5920
10601
10866
13344
4970
4883
6312
1756
1225
3882
6565
492
11800
13311
749
11381
8207
1877
2887
11785
3324
11829
5428
936
933
1526
13926
8237
8849
4232
6563
11803
6768
6195
14348
10471
2721
13307
14337
2567
1411
9423
3160
14027
7245
4898
406
947
6945
12537
500
9610
790
5055
10045
14058
606
3198
11832
3279
1224
5062
11161
1832
487
7275
5693
5427
1578
7402
9086
1552
10884
13979
11619
8626
11143
3350
475
9553
6117
5935
10547