42
468
335
1
170
225
479
359
463
465
206
146
282
328
462
492
496
443
328
437
392
105
403
154
293
383
422
217
219
396
448
227
272
39
370
413
168
300
36
395
204
312
323
334
174
165
142
212
254
369
48
145
163
258
38
360
224
242
30
279
317
36
191
343
289
107
41
443
265
149
447
306
391
230
371
351
7
102
394
49
130
124
85
455
257
341
467
377
432
309
445
440
127
324
38
39
119
83
430
42
334
116
140
159
205
431
478
307
174
387
22
246
425
73
271
330
278
74
98
13
487
291
162
137
356
268
156
75
32
53
351
151
442
225
467
431
108
192
8
338
458
288
254
384
446
410
210
259
222
89
423
447
7
31
414
169
401
92
263
156
411
360
125
38
49
484
96
42
103
351
292
337
375
21
97
22
349
200
169
485
282
235
54
500
419
439
401
289
128
468
229
394
149
484
308
422
311
118
314
15
310
117
436
452
101
250
20
57
299
304
225
9
345
110
490
203
196
486
94
344
24
88
315
4
449
201
459
119
81
297
299
282
90
299
10
158
473
123
39
293
39
180
191
158
459
192
316
389
157
12
203
135
273
56
329
147
363
387
376
434
370
143
345
417
382
499
323
152
22
200
58
477
393
390
76
213
101
11
4
370
362
189
402
290
256
424
3
86
183
286
89
427
118
258
333
433
170
155
222
190
477
330
369
193
426
56
435
50
442
13
146
61
219
254
140
424
280
497
188
30
50
438
367
450
194
196
298
417
287
106
489
283
456
235
115
202
317
172
287
264
314
356
186
54
413
309
333
446
314
257
322
59
147
483
482
145
197
223
130
162
36
451
174
467
45
160
293
440
254
25
155
11
246
150
187
314
475
23
169
19
288
406
459
392
203
126
478
415
315
325
335
375
373
160
334
71
488
298
19
178
274
271
264
169
193
486
103
481
214
128
303
100
28
126
44
425
24
473
62
182
4
433
6
94
226
32
493
143
223
287
65
401
188
361
414
475
271
171
236
334
212
261
397
168
286
51
141
195
196
125
20
126
77
195
159
303
372
467
179
94
352
485
19
465
120
153
301
88
61
427
11
258
171
316
77
228
44
259
165
110
383
87
66
488
78
475
126
128
130
429
424
21
403
463
124
97
238
262
196
26